11480.  0.01544615
11481.303  0.0162262
11482.606  0.0170274
11483.909  0.01784968
11485.212  0.01869314
11486.515  0.01955651
11487.818  0.02043963
11489.121  0.02134284
11490.424  0.02226472
11491.727  0.02320519
11493.03  0.0241642
11494.333  0.0251417
11495.636  0.02613619
11496.939  0.02714807
11498.242  0.02817727
11499.545  0.02922229
11500.848  0.03028335
11502.151  0.03136048
11503.454  0.03245319
11504.757  0.03356016
11506.06  0.0346822
11507.363  0.03581853
11508.666  0.03696807
11509.969  0.03813102
11511.272  0.03930763
11512.575  0.04049674
11513.878  0.04169764
11515.181  0.04291043
11516.484  0.04413546
11517.787  0.0453712
11519.09  0.04661738
11520.393  0.04787473
11521.696  0.0491415
11522.999  0.05041758
11524.302  0.05170304
11525.605  0.05299807
11526.908  0.05430079
11528.211  0.05561167
11529.514  0.05693092
11530.817  0.05825669
11532.12  0.05958928
11533.423  0.0609288
11534.726  0.06227496
11536.029  0.06362603
11537.332  0.064983
11538.635  0.0663453
11539.938  0.06771146
11541.241  0.06908187
11542.544  0.07045682
11543.847  0.07183523
11545.15  0.07321607
11546.453  0.07460045
11547.756  0.07598697
11549.059  0.07737491
11550.362  0.07876451
11551.665  0.08015614
11552.968  0.08154808
11554.271  0.08294013
11555.574  0.08433314
11556.877  0.08572517
11558.18  0.08711623
11559.483  0.0885064
11560.786  0.08989586
11562.089  0.09128266
11563.392  0.09266734
11564.695  0.0940501
11565.998  0.09542905
11567.301  0.0968045
11568.604  0.09817663
11569.907  0.09954505
11571.21  0.1009082
11572.513  0.1022664
11573.816  0.1036198
11575.119  0.1049678
11576.422  0.1063089
11577.725  0.1076445
11579.028  0.1089733
11580.331  0.1102951
11581.634  0.1116102
11582.937  0.1129193
11584.24  0.1142212
11585.543  0.1155158
11586.846  0.1168042
11588.149  0.1180849
11589.452  0.1193583
11590.755  0.1206244
11592.058  0.121884
11593.361  0.1231355
11594.664  0.1243795
11595.967  0.1256166
11597.27  0.1268453
11598.573  0.1280662
11599.876  0.1292795
11601.179  0.1304854
11602.482  0.1316825
11603.785  0.132872
11605.088  0.1340535
11606.391  0.1352262
11607.694  0.1363906
11608.997  0.1375471
11610.3  0.1386952
11611.603  0.139834
11612.906  0.1409649
11614.209  0.1420869
11615.512  0.1431997
11616.815  0.1443036
11618.118  0.1453991
11619.421  0.1464853
11620.724  0.147562
11622.027  0.1486295
11623.33  0.1496884
11624.633  0.1507374
11625.936  0.1517768
11627.239  0.1528073
11628.542  0.1538276
11629.845  0.154838
11631.148  0.1558389
11632.451  0.1568303
11633.754  0.1578112
11635.057  0.1587822
11636.36  0.1597435
11637.663  0.160694
11638.966  0.1616342
11640.269  0.1625643
11641.572  0.1634842
11642.875  0.164393
11644.178  0.1652916
11645.481  0.1661796
11646.784  0.1670563
11648.087  0.1679223
11649.39  0.1687776
11650.693  0.1696219
11651.996  0.1704547
11653.299  0.1712768
11654.602  0.1720874
11655.905  0.1728864
11657.208  0.1736741
11658.511  0.1744506
11659.814  0.1752152
11661.117  0.1759681
11662.42  0.1767096
11663.723  0.1774389
11665.026  0.1781561
11666.329  0.1788615
11667.632  0.1795551
11668.935  0.1802361
11670.238  0.1809049
11671.541  0.1815617
11672.844  0.1822057
11674.147  0.1828372
11675.45  0.1834563
11676.753  0.1840628
11678.056  0.1846563
11679.359  0.185237
11680.662  0.185805
11681.965  0.1863604
11683.268  0.186903
11684.571  0.1874336
11685.874  0.187952
11687.177  0.1884583
11688.48  0.1889529
11689.783  0.1894362
11691.086  0.1899081
11692.389  0.1903687
11693.692  0.1908186
11694.995  0.1912575
11696.298  0.1916859
11697.601  0.1921039
11698.904  0.1925119
11700.207  0.1929098
11701.51  0.1932978
11702.813  0.1936765
11704.116  0.1940456
11705.419  0.1944054
11706.722  0.1947564
11708.025  0.1950985
11709.328  0.1954319
11710.631  0.195757
11711.934  0.1960739
11713.237  0.1963826
11714.54  0.1966834
11715.843  0.1969768
11717.146  0.1972626
11718.449  0.197541
11719.752  0.1978126
11721.055  0.1980772
11722.358  0.198335
11723.661  0.1985863
11724.964  0.1988315
11726.267  0.1990705
11727.57  0.1993035
11728.873  0.1995309
11730.176  0.1997527
11731.479  0.1999692
11732.782  0.2001805
11734.085  0.200387
11735.388  0.2005886
11736.691  0.2007857
11737.994  0.2009785
11739.297  0.2011671
11740.6  0.2013517
11741.903  0.2015325
11743.206  0.2017098
11744.509  0.2018836
11745.812  0.2020542
11747.115  0.2022219
11748.418  0.2023867
11749.721  0.2025488
11751.024  0.2027087
11752.327  0.2028662
11753.63  0.2030217
11754.933  0.2031753
11756.236  0.2033274
11757.539  0.2034779
11758.842  0.2036272
11760.145  0.2037754
11761.448  0.2039228
11762.751  0.2040694
11764.054  0.2042156
11765.357  0.2043615
11766.66  0.2045072
11767.963  0.2046531
11769.266  0.2047993
11770.569  0.2049459
11771.872  0.2050932
11773.175  0.2052414
11774.478  0.2053907
11775.781  0.2055411
11777.084  0.2056931
11778.387  0.2058467
11779.69  0.2060021
11780.993  0.2061595
11782.296  0.2063192
11783.599  0.2064812
11784.902  0.2066454
11786.205  0.206812
11787.508  0.2069807
11788.811  0.2071515
11790.114  0.2073244
11791.417  0.2074993
11792.72  0.2076761
11794.023  0.2078548
11795.326  0.2080352
11796.629  0.2082175
11797.932  0.2084014
11799.235  0.2085869
11800.538  0.2087741
11801.841  0.2089627
11803.144  0.2091527
11804.447  0.2093441
11805.75  0.209537
11807.053  0.209731
11808.356  0.2099262
11809.659  0.2101226
11810.962  0.2103201
11812.265  0.2105185
11813.568  0.2107179
11814.871  0.2109183
11816.174  0.2111194
11817.477  0.2113214
11818.78  0.211524
11820.083  0.2117273
11821.386  0.2119312
11822.689  0.2121357
11823.992  0.2123406
11825.295  0.2125458
11826.598  0.2127516
11827.901  0.2129575
11829.204  0.2131636
11830.507  0.2133699
11831.81  0.2135765
11833.113  0.2137829
11834.416  0.2139893
11835.719  0.2141958
11837.022  0.214402
11838.325  0.214608
11839.628  0.2148138
11840.931  0.2150193
11842.234  0.2152244
11843.537  0.2154291
11844.84  0.2156332
11846.143  0.2158368
11847.446  0.2160397
11848.749  0.216242
11850.052  0.2164435
11851.355  0.2166442
11852.658  0.216844
11853.961  0.217043
11855.264  0.2172409
11856.567  0.2174377
11857.87  0.2176335
11859.173  0.2178281
11860.476  0.2180214
11861.779  0.2182134
11863.082  0.2184041
11864.385  0.2185934
11865.688  0.2187812
11866.991  0.2189675
11868.294  0.2191521
11869.597  0.2193351
11870.9  0.2195164
11872.203  0.2196959
11873.506  0.2198735
11874.809  0.2200493
11876.112  0.2202231
11877.415  0.2203948
11878.718  0.2205644
11880.021  0.220732
11881.324  0.2208973
11882.627  0.2210603
11883.93  0.221221
11885.233  0.2213794
11886.536  0.2215353
11887.839  0.2216887
11889.142  0.2218399
11890.445  0.2219887
11891.748  0.2221352
11893.051  0.2222795
11894.354  0.2224215
11895.657  0.2225613
11896.96  0.2226989
11898.263  0.2228343
11899.566  0.2229677
11900.869  0.2230989
11902.172  0.2232281
11903.475  0.2233552
11904.778  0.2234802
11906.081  0.2236034
11907.384  0.2237246
11908.687  0.2238439
11909.99  0.2239612
11911.293  0.2240767
11912.596  0.2241905
11913.899  0.2243023
11915.202  0.2244124
11916.505  0.2245208
11917.808  0.2246275
11919.111  0.2247324
11920.414  0.2248358
11921.717  0.2249375
11923.02  0.2250376
11924.323  0.2251362
11925.626  0.2252332
11926.929  0.2253286
11928.232  0.2254226
11929.535  0.2255152
11930.838  0.2256064
11932.141  0.2256962
11933.444  0.2257846
11934.747  0.2258717
11936.05  0.2259574
11937.353  0.2260419
11938.656  0.2261253
11939.959  0.2262073
11941.262  0.2262882
11942.565  0.2263679
11943.868  0.2264465
11945.171  0.226524
11946.474  0.2266005
11947.777  0.2266759
11949.08  0.2267503
11950.383  0.2268237
11951.686  0.2268962
11952.989  0.2269678
11954.292  0.2270385
11955.595  0.2271083
11956.898  0.2271773
11958.201  0.2272455
11959.504  0.227313
11960.807  0.2273796
11962.11  0.2274456
11963.413  0.2275109
11964.716  0.2275756
11966.019  0.2276396
11967.322  0.227703
11968.625  0.2277659
11969.928  0.2278283
11971.231  0.2278901
11972.534  0.2279514
11973.837  0.2280124
11975.14  0.2280729
11976.443  0.228133
11977.746  0.2281928
11979.049  0.2282522
11980.352  0.2283114
11981.655  0.2283702
11982.958  0.2284289
11984.261  0.2284873
11985.564  0.2285455
11986.867  0.2286037
11988.17  0.2286617
11989.473  0.2287195
11990.776  0.2287775
11992.079  0.2288355
11993.382  0.2288936
11994.685  0.2289519
11995.988  0.2290106
11997.291  0.2290695
11998.594  0.229129
11999.897  0.2291889
12001.2  0.2292493
12002.503  0.2293104
12003.806  0.2293722
12005.109  0.2294348
12006.412  0.2294983
12007.715  0.2295626
12009.018  0.229628
12010.321  0.2296945
12011.624  0.229762
12012.927  0.2298308
12014.23  0.2299009
12015.533  0.2299722
12016.836  0.2300451
12018.139  0.2301194
12019.442  0.2301952
12020.745  0.2302727
12022.048  0.2303519
12023.351  0.2304328
12024.654  0.2305156
12025.957  0.2306003
12027.26  0.2306871
12028.563  0.2307758
12029.866  0.2308667
12031.169  0.2309598
12032.472  0.2310552
12033.775  0.2311529
12035.078  0.231253
12036.381  0.2313556
12037.684  0.2314608
12038.987  0.2315685
12040.29  0.231679
12041.593  0.2317922
12042.896  0.2319082
12044.199  0.2320272
12045.502  0.2321492
12046.805  0.2322741
12048.108  0.2324023
12049.411  0.2325336
12050.714  0.2326681
12052.017  0.232806
12053.32  0.2329473
12054.623  0.2330921
12055.926  0.2332404
12057.229  0.2333924
12058.532  0.233548
12059.835  0.2337073
12061.138  0.2338705
12062.441  0.2340377
12063.744  0.2342088
12065.047  0.2343838
12066.35  0.2345632
12067.653  0.2347465
12068.956  0.2349342
12070.259  0.2351261
12071.562  0.2353226
12072.865  0.2355234
12074.168  0.2357288
12075.471  0.2359389
12076.774  0.2361535
12078.077  0.2363729
12079.38  0.2365971
12080.683  0.2368263
12081.986  0.2370604
12083.289  0.2372995
12084.592  0.2375437
12085.895  0.2377932
12087.198  0.2380478
12088.501  0.2383078
12089.804  0.2385732
12091.107  0.238844
12092.41  0.2391201
12093.713  0.2394016
12095.016  0.2396881
12096.319  0.2399796
12097.622  0.2402759
12098.925  0.2405768
12100.228  0.2408821
12101.531  0.2411917
12102.834  0.2415057
12104.137  0.2418235
12105.44  0.2421452
12106.743  0.2424708
12108.046  0.2427998
12109.349  0.2431322
12110.652  0.2434678
12111.955  0.2438068
12113.258  0.2441485
12114.561  0.2444931
12115.864  0.2448404
12117.167  0.24519
12118.47  0.245542
12119.773  0.2458964
12121.076  0.2462528
12122.379  0.2466108
12123.682  0.2469709
12124.985  0.2473324
12126.288  0.2476953
12127.591  0.2480594
12128.894  0.2484249
12130.197  0.2487912
12131.5  0.2491583
12132.803  0.2495262
12134.106  0.2498946
12135.409  0.2502632
12136.712  0.250632
12138.015  0.2510012
12139.318  0.25137
12140.621  0.2517386
12141.924  0.2521068
12143.227  0.2524747
12144.53  0.2528416
12145.833  0.2532077
12147.136  0.253573
12148.439  0.2539369
12149.742  0.2542995
12151.045  0.2546607
12152.348  0.2550204
12153.651  0.2553781
12154.954  0.2557341
12156.257  0.256088
12157.56  0.2564396
12158.863  0.2567887
12160.166  0.2571355
12161.469  0.2574795
12162.772  0.2578207
12164.075  0.258159
12165.378  0.258494
12166.681  0.2588257
12167.984  0.259154
12169.287  0.2594788
12170.59  0.2597998
12171.893  0.2601168
12173.196  0.26043
12174.499  0.2607388
12175.802  0.2610432
12177.105  0.2613431
12178.408  0.2616385
12179.711  0.2619289
12181.014  0.2622145
12182.317  0.262495
12183.62  0.26277
12184.923  0.2630397
12186.226  0.2633038
12187.529  0.2635623
12188.832  0.2638147
12190.135  0.2640612
12191.438  0.2643016
12192.741  0.2645355
12194.044  0.2647629
12195.347  0.2649841
12196.65  0.2651989
12197.953  0.2654074
12199.256  0.2656099
12200.559  0.2658066
12201.862  0.2659974
12203.165  0.2661826
12204.468  0.2663624
12205.771  0.2665367
12207.074  0.2667058
12208.377  0.2668697
12209.68  0.2670287
12210.983  0.2671828
12212.286  0.2673321
12213.589  0.2674769
12214.892  0.2676173
12216.195  0.2677532
12217.498  0.267885
12218.801  0.2680127
12220.104  0.2681364
12221.407  0.2682564
12222.71  0.2683727
12224.013  0.2684854
12225.316  0.2685947
12226.619  0.2687007
12227.922  0.2688037
12229.225  0.2689035
12230.528  0.2690005
12231.831  0.2690947
12233.134  0.2691863
12234.437  0.2692753
12235.74  0.2693621
12237.043  0.2694466
12238.346  0.2695289
12239.649  0.2696094
12240.952  0.269688
12242.255  0.2697648
12243.558  0.2698402
12244.861  0.269914
12246.164  0.2699866
12247.467  0.2700579
12248.77  0.2701282
12250.073  0.2701975
12251.376  0.2702661
12252.679  0.270334
12253.982  0.2704015
12255.285  0.2704685
12256.588  0.2705352
12257.891  0.2706019
12259.194  0.2706685
12260.497  0.2707352
12261.8  0.2708022
12263.103  0.2708696
12264.406  0.2709375
12265.709  0.271006
12267.012  0.2710755
12268.315  0.2711458
12269.618  0.271217
12270.921  0.2712896
12272.224  0.2713635
12273.527  0.2714387
12274.83  0.2715155
12276.133  0.271594
12277.436  0.2716745
12278.739  0.2717568
12280.042  0.2718413
12281.345  0.2719279
12282.648  0.2720169
12283.951  0.2721085
12285.254  0.2722027
12286.557  0.2722995
12287.86  0.2723993
12289.163  0.2725022
12290.466  0.2726081
12291.769  0.2727173
12293.072  0.27283
12294.375  0.2729463
12295.678  0.273066
12296.981  0.2731898
12298.284  0.2733171
12299.587  0.2734479
12300.89  0.2735821
12302.193  0.2737195
12303.496  0.2738601
12304.799  0.2740035
12306.102  0.2741497
12307.405  0.2742984
12308.708  0.2744495
12310.011  0.2746029
12311.314  0.2747585
12312.617  0.274916
12313.92  0.2750753
12315.223  0.2752362
12316.526  0.2753988
12317.829  0.2755625
12319.132  0.2757275
12320.435  0.2758935
12321.738  0.2760602
12323.041  0.2762277
12324.344  0.2763958
12325.647  0.2765643
12326.95  0.2767329
12328.253  0.2769017
12329.556  0.2770703
12330.859  0.2772388
12332.162  0.2774068
12333.465  0.2775743
12334.768  0.277741
12336.071  0.2779068
12337.374  0.2780718
12338.677  0.2782354
12339.98  0.2783977
12341.283  0.2785585
12342.586  0.2787177
12343.889  0.278875
12345.192  0.2790304
12346.495  0.2791837
12347.798  0.2793346
12349.101  0.2794831
12350.404  0.2796289
12351.707  0.2797722
12353.01  0.2799124
12354.313  0.2800496
12355.616  0.2801835
12356.919  0.280314
12358.222  0.280441
12359.525  0.2805643
12360.828  0.2806838
12362.131  0.2807991
12363.434  0.2809104
12364.737  0.2810174
12366.04  0.2811198
12367.343  0.2812175
12368.646  0.2813106
12369.949  0.2813986
12371.252  0.2814814
12372.555  0.281559
12373.858  0.2816313
12375.161  0.2816978
12376.464  0.2817587
12377.767  0.2818137
12379.07  0.2818626
12380.373  0.2819052
12381.676  0.2819415
12382.979  0.2819713
12384.282  0.2819944
12385.585  0.2820106
12386.888  0.2820199
12388.191  0.2820219
12389.494  0.2820167
12390.797  0.282004
12392.1  0.2819836
12393.403  0.2819554
12394.706  0.2819193
12396.009  0.2818752
12397.312  0.2818227
12398.615  0.2817619
12399.918  0.2816924
12401.221  0.2816147
12402.524  0.2815287
12403.827  0.2814348
12405.13  0.2813331
12406.433  0.2812239
12407.736  0.2811073
12409.039  0.2809834
12410.342  0.2808527
12411.645  0.2807152
12412.948  0.280571
12414.251  0.2804205
12415.554  0.2802639
12416.857  0.2801014
12418.16  0.2799329
12419.463  0.279759
12420.766  0.2795798
12422.069  0.2793953
12423.372  0.2792059
12424.675  0.2790118
12425.978  0.2788131
12427.281  0.2786101
12428.584  0.2784029
12429.887  0.2781918
12431.19  0.277977
12432.493  0.2777584
12433.796  0.2775367
12435.099  0.2773118
12436.402  0.2770839
12437.705  0.2768534
12439.008  0.2766203
12440.311  0.2763847
12441.614  0.2761471
12442.917  0.2759076
12444.22  0.2756663
12445.523  0.2754235
12446.826  0.2751794
12448.129  0.2749342
12449.432  0.2746879
12450.735  0.2744411
12452.038  0.2741937
12453.341  0.2739458
12454.644  0.273698
12455.947  0.2734503
12457.25  0.2732027
12458.553  0.2729556
12459.856  0.2727093
12461.159  0.2724639
12462.462  0.2722194
12463.765  0.2719764
12465.068  0.2717349
12466.371  0.271495
12467.674  0.2712569
12468.977  0.2710211
12470.28  0.2707874
12471.583  0.2705562
12472.886  0.2703279
12474.189  0.2701024
12475.492  0.2698799
12476.795  0.2696609
12478.098  0.2694453
12479.401  0.2692333
12480.704  0.2690253
12482.007  0.2688215
12483.31  0.268622
12484.613  0.2684267
12485.916  0.2682364
12487.219  0.2680511
12488.522  0.2678707
12489.825  0.2676957
12491.128  0.2675262
12492.431  0.2673625
12493.734  0.2672045
12495.037  0.2670529
12496.34  0.2669075
12497.643  0.2667686
12498.946  0.2666364
12500.249  0.2665113
12501.552  0.2663931
12502.855  0.2662823
12504.158  0.2661788
12505.461  0.2660825
12506.764  0.2659932
12508.067  0.2659113
12509.37  0.2658363
12510.673  0.2657684
12511.976  0.2657075
12513.279  0.2656536
12514.582  0.2656066
12515.885  0.2655665
12517.188  0.2655333
12518.491  0.2655069
12519.794  0.2654872
12521.097  0.2654742
12522.4  0.2654679
12523.703  0.2654682
12525.006  0.2654752
12526.309  0.2654887
12527.612  0.2655087
12528.915  0.2655351
12530.218  0.265568
12531.521  0.2656073
12532.824  0.2656529
12534.127  0.2657048
12535.43  0.265763
12536.733  0.2658273
12538.036  0.2658978
12539.339  0.2659745
12540.642  0.2660573
12541.945  0.2661462
12543.248  0.266241
12544.551  0.2663418
12545.854  0.2664485
12547.157  0.2665612
12548.46  0.2666796
12549.763  0.2668038
12551.066  0.2669338
12552.369  0.2670695
12553.672  0.2672108
12554.975  0.2673578
12556.278  0.2675105
12557.581  0.2676686
12558.884  0.2678322
12560.187  0.2680014
12561.49  0.2681759
12562.793  0.2683558
12564.096  0.268541
12565.399  0.2687316
12566.702  0.2689274
12568.005  0.2691284
12569.308  0.2693346
12570.611  0.2695459
12571.914  0.2697622
12573.217  0.2699837
12574.52  0.2702102
12575.823  0.2704415
12577.126  0.270678
12578.429  0.2709192
12579.732  0.2711651
12581.035  0.271416
12582.338  0.2716717
12583.641  0.2719319
12584.944  0.2721968
12586.247  0.2724665
12587.55  0.2727407
12588.853  0.2730193
12590.156  0.2733025
12591.459  0.2735903
12592.762  0.2738824
12594.065  0.2741787
12595.368  0.2744795
12596.671  0.2747847
12597.974  0.275094
12599.277  0.2754076
12600.58  0.2757254
12601.883  0.2760471
12603.186  0.276373
12604.489  0.2767031
12605.792  0.277037
12607.095  0.2773746
12608.398  0.277716
12609.701  0.2780608
12611.004  0.2784085
12612.307  0.2787595
12613.61  0.2791134
12614.913  0.2794699
12616.216  0.2798288
12617.519  0.2801903
12618.822  0.2805535
12620.125  0.2809188
12621.428  0.2812858
12622.731  0.2816545
12624.034  0.2820245
12625.337  0.2823957
12626.64  0.282768
12627.943  0.2831409
12629.246  0.2835144
12630.549  0.2838885
12631.852  0.284263
12633.155  0.2846373
12634.458  0.2850116
12635.761  0.2853858
12637.064  0.2857592
12638.367  0.286132
12639.67  0.2865042
12640.973  0.2868752
12642.276  0.2872449
12643.579  0.2876134
12644.882  0.2879802
12646.185  0.2883452
12647.488  0.2887081
12648.791  0.2890691
12650.094  0.2894278
12651.397  0.2897838
12652.7  0.2901371
12654.003  0.2904877
12655.306  0.2908351
12656.609  0.2911792
12657.912  0.2915201
12659.215  0.2918572
12660.518  0.2921904
12661.821  0.2925197
12663.124  0.2928449
12664.427  0.2931656
12665.73  0.2934819
12667.033  0.2937934
12668.336  0.2940999
12669.639  0.2944013
12670.942  0.2946975
12672.245  0.2949882
12673.548  0.2952732
12674.851  0.2955525
12676.154  0.2958257
12677.457  0.2960926
12678.76  0.2963531
12680.063  0.2966071
12681.366  0.2968543
12682.669  0.2970945
12683.972  0.2973277
12685.275  0.2975534
12686.578  0.2977716
12687.881  0.2979822
12689.184  0.298185
12690.487  0.2983795
12691.79  0.2985659
12693.093  0.2987439
12694.396  0.2989132
12695.699  0.2990736
12697.002  0.2992252
12698.305  0.2993675
12699.608  0.2995005
12700.911  0.2996239
12702.214  0.2997377
12703.517  0.2998414
12704.82  0.2999351
12706.123  0.3000185
12707.426  0.3000914
12708.729  0.3001539
12710.032  0.3002059
12711.335  0.300248
12712.638  0.30028
12713.941  0.3003024
12715.244  0.3003151
12716.547  0.3003186
12717.85  0.3003128
12719.153  0.3002981
12720.456  0.3002746
12721.759  0.3002426
12723.062  0.3002023
12724.365  0.3001536
12725.668  0.300097
12726.971  0.3000326
12728.274  0.2999607
12729.577  0.2998813
12730.88  0.2997947
12732.183  0.2997011
12733.486  0.2996007
12734.789  0.2994936
12736.092  0.2993801
12737.395  0.2992604
12738.698  0.2991346
12740.001  0.299003
12741.304  0.2988657
12742.607  0.2987229
12743.91  0.298575
12745.213  0.2984219
12746.516  0.2982639
12747.819  0.2981012
12749.122  0.2979341
12750.425  0.2977627
12751.728  0.2975871
12753.031  0.2974077
12754.334  0.2972246
12755.637  0.2970379
12756.94  0.296848
12758.243  0.2966549
12759.546  0.2964588
12760.849  0.29626
12762.152  0.2960587
12763.455  0.295855
12764.758  0.2956492
12766.061  0.2954414
12767.364  0.2952319
12768.667  0.2950208
12769.97  0.2948082
12771.273  0.2945946
12772.576  0.2943799
12773.879  0.2941644
12775.182  0.2939483
12776.485  0.293732
12777.788  0.2935153
12779.091  0.2932985
12780.394  0.293082
12781.697  0.2928658
12783.  0.2926502
12784.303  0.2924355
12785.606  0.2922217
12786.909  0.2920089
12788.212  0.2917975
12789.515  0.2915877
12790.818  0.2913796
12792.121  0.2911734
12793.424  0.2909694
12794.727  0.2907677
12796.03  0.2905684
12797.333  0.290372
12798.636  0.2901784
12799.939  0.2899878
12801.242  0.2898006
12802.545  0.289617
12803.848  0.2894369
12805.151  0.2892607
12806.454  0.2890886
12807.757  0.2889207
12809.06  0.2887574
12810.363  0.2885986
12811.666  0.2884447
12812.969  0.2882954
12814.272  0.2881508
12815.575  0.288011
12816.878  0.287876
12818.181  0.2877457
12819.484  0.2876202
12820.787  0.2874995
12822.09  0.2873834
12823.393  0.2872721
12824.696  0.2871656
12825.999  0.2870638
12827.302  0.2869667
12828.605  0.2868744
12829.908  0.2867868
12831.211  0.2867039
12832.514  0.2866258
12833.817  0.2865524
12835.12  0.2864837
12836.423  0.2864198
12837.726  0.2863607
12839.029  0.2863062
12840.332  0.2862565
12841.635  0.2862115
12842.938  0.2861713
12844.241  0.2861358
12845.544  0.2861049
12846.847  0.2860789
12848.15  0.2860575
12849.453  0.2860409
12850.756  0.2860291
12852.059  0.2860219
12853.362  0.2860195
12854.665  0.2860218
12855.968  0.2860288
12857.271  0.2860406
12858.574  0.2860571
12859.877  0.2860782
12861.18  0.2861042
12862.483  0.2861348
12863.786  0.2861702
12865.089  0.2862102
12866.392  0.286255
12867.695  0.2863046
12868.998  0.2863588
12870.301  0.2864177
12871.604  0.2864814
12872.907  0.2865497
12874.21  0.2866229
12875.513  0.2867006
12876.816  0.2867831
12878.119  0.2868703
12879.422  0.2869623
12880.725  0.2870589
12882.028  0.2871603
12883.331  0.2872663
12884.634  0.2873771
12885.937  0.2874926
12887.24  0.2876127
12888.543  0.2877377
12889.846  0.2878672
12891.149  0.2880015
12892.452  0.2881405
12893.755  0.2882843
12895.058  0.2884327
12896.361  0.2885858
12897.664  0.2887436
12898.967  0.2889061
12900.27  0.2890733
12901.573  0.2892452
12902.876  0.2894218
12904.179  0.2896031
12905.482  0.2897891
12906.785  0.2899798
12908.088  0.2901752
12909.391  0.2903751
12910.694  0.29058
12911.997  0.2907895
12913.3  0.2910036
12914.603  0.2912224
12915.906  0.2914456
12917.209  0.2916731
12918.512  0.2919048
12919.815  0.2921406
12921.118  0.2923803
12922.421  0.2926236
12923.724  0.2928708
12925.027  0.2931213
12926.33  0.2933751
12927.633  0.2936321
12928.936  0.2938924
12930.239  0.2941553
12931.542  0.2944211
12932.845  0.2946897
12934.148  0.2949606
12935.451  0.2952338
12936.754  0.2955093
12938.057  0.2957869
12939.36  0.2960665
12940.663  0.2963477
12941.966  0.2966307
12943.269  0.2969153
12944.572  0.2972011
12945.875  0.2974882
12947.178  0.2977764
12948.481  0.2980654
12949.784  0.2983553
12951.087  0.2986461
12952.39  0.2989372
12953.693  0.2992286
12954.996  0.2995205
12956.299  0.2998123
12957.602  0.300104
12958.905  0.3003957
12960.208  0.3006873
12961.511  0.300978
12962.814  0.3012683
12964.117  0.301558
12965.42  0.3018466
12966.723  0.3021341
12968.026  0.3024207
12969.329  0.302706
12970.632  0.3029897
12971.935  0.3032719
12973.238  0.3035525
12974.541  0.303831
12975.844  0.3041076
12977.147  0.3043821
12978.45  0.3046543
12979.753  0.304924
12981.056  0.3051912
12982.359  0.3054558
12983.662  0.3057173
12984.965  0.3059759
12986.268  0.3062316
12987.571  0.3064839
12988.874  0.3067326
12990.177  0.3069781
12991.48  0.3072197
12992.783  0.3074574
12994.086  0.3076912
12995.389  0.307921
12996.692  0.3081465
12997.995  0.3083675
12999.298  0.308584
13000.601  0.308796
13001.904  0.3090029
13003.207  0.3092051
13004.51  0.3094022
13005.813  0.3095939
13007.116  0.3097802
13008.419  0.3099612
13009.722  0.3101364
13011.025  0.3103058
13012.328  0.3104694
13013.631  0.3106269
13014.934  0.310778
13016.237  0.3109228
13017.54  0.3110614
13018.843  0.3111937
13020.146  0.3113197
13021.449  0.3114397
13022.752  0.3115536
13024.055  0.3116615
13025.358  0.3117634
13026.661  0.3118596
13027.964  0.31195
13029.267  0.3120347
13030.57  0.3121138
13031.873  0.3121873
13033.176  0.3122554
13034.479  0.312318
13035.782  0.3123754
13037.085  0.3124274
13038.388  0.3124742
13039.691  0.312516
13040.994  0.3125526
13042.297  0.3125843
13043.6  0.3126111
13044.903  0.3126331
13046.206  0.3126503
13047.509  0.3126628
13048.812  0.3126706
13050.115  0.312674
13051.418  0.3126729
13052.721  0.3126673
13054.024  0.3126576
13055.327  0.3126434
13056.63  0.3126251
13057.933  0.3126027
13059.236  0.3125763
13060.539  0.3125458
13061.842  0.3125114
13063.145  0.3124732
13064.448  0.3124314
13065.751  0.3123858
13067.054  0.3123365
13068.357  0.3122838
13069.66  0.3122275
13070.963  0.3121679
13072.266  0.3121049
13073.569  0.3120387
13074.872  0.3119694
13076.175  0.3118968
13077.478  0.3118213
13078.781  0.3117428
13080.084  0.3116613
13081.387  0.3115771
13082.69  0.3114902
13083.993  0.3114005
13085.296  0.3113082
13086.599  0.3112135
13087.902  0.3111161
13089.205  0.3110165
13090.508  0.3109145
13091.811  0.3108103
13093.114  0.3107038
13094.417  0.3105953
13095.72  0.3104848
13097.023  0.3103722
13098.326  0.3102579
13099.629  0.3101416
13100.932  0.3100237
13102.235  0.309904
13103.538  0.3097828
13104.841  0.30966
13106.144  0.3095357
13107.447  0.3094101
13108.75  0.3092832
13110.053  0.3091549
13111.356  0.3090255
13112.659  0.3088951
13113.962  0.3087636
13115.265  0.3086312
13116.568  0.3084978
13117.871  0.3083637
13119.174  0.3082287
13120.477  0.3080932
13121.78  0.3079571
13123.083  0.3078208
13124.386  0.3076839
13125.689  0.3075469
13126.992  0.30741
13128.295  0.307273
13129.598  0.3071361
13130.901  0.3069996
13132.204  0.3068634
13133.507  0.3067276
13134.81  0.3065925
13136.113  0.3064581
13137.416  0.3063245
13138.719  0.3061918
13140.022  0.3060603
13141.325  0.3059298
13142.628  0.3058006
13143.931  0.3056728
13145.234  0.3055465
13146.537  0.3054219
13147.84  0.3052989
13149.143  0.3051778
13150.446  0.3050585
13151.749  0.3049414
13153.052  0.3048264
13154.355  0.3047137
13155.658  0.3046034
13156.961  0.3044956
13158.264  0.3043904
13159.567  0.304288
13160.87  0.3041883
13162.173  0.3040917
13163.476  0.303998
13164.779  0.3039077
13166.082  0.3038205
13167.385  0.3037368
13168.688  0.3036566
13169.991  0.30358
13171.294  0.3035071
13172.597  0.3034382
13173.9  0.3033731
13175.203  0.3033121
13176.506  0.3032553
13177.809  0.3032028
13179.112  0.3031547
13180.415  0.3031112
13181.718  0.3030722
13183.021  0.3030381
13184.324  0.3030087
13185.627  0.3029844
13186.93  0.3029651
13188.233  0.3029511
13189.536  0.3029423
13190.839  0.302939
13192.142  0.3029412
13193.445  0.302949
13194.748  0.3029625
13196.051  0.302982
13197.354  0.3030075
13198.657  0.303039
13199.96  0.3030767
13201.263  0.3031207
13202.566  0.3031712
13203.869  0.3032283
13205.172  0.3032919
13206.475  0.3033623
13207.778  0.3034397
13209.081  0.303524
13210.384  0.3036153
13211.687  0.3037139
13212.99  0.30382
13214.293  0.3039333
13215.596  0.3040541
13216.899  0.3041828
13218.202  0.3043192
13219.505  0.3044634
13220.808  0.3046157
13222.111  0.304776
13223.414  0.304944
13224.717  0.3051196
13226.02  0.3053025
13227.323  0.3054923
13228.626  0.3056887
13229.929  0.3058916
13231.232  0.3061005
13232.535  0.3063152
13233.838  0.3065354
13235.141  0.306761
13236.444  0.3069912
13237.747  0.3072262
13239.05  0.3074655
13240.353  0.307709
13241.656  0.307956
13242.959  0.3082067
13244.262  0.3084606
13245.565  0.3087172
13246.868  0.3089765
13248.171  0.3092381
13249.474  0.3095018
13250.777  0.3097671
13252.08  0.3100339
13253.383  0.310302
13254.686  0.3105708
13255.989  0.3108401
13257.292  0.3111099
13258.595  0.3113796
13259.898  0.3116489
13261.201  0.3119178
13262.504  0.3121858
13263.807  0.3124525
13265.11  0.3127178
13266.413  0.3129815
13267.716  0.313243
13269.019  0.3135021
13270.322  0.3137589
13271.625  0.3140125
13272.928  0.314263
13274.231  0.31451
13275.534  0.3147533
13276.837  0.3149925
13278.14  0.3152274
13279.443  0.3154576
13280.746  0.3156828
13282.049  0.3159029
13283.352  0.3161174
13284.655  0.3163262
13285.958  0.3165289
13287.261  0.3167251
13288.564  0.3169147
13289.867  0.3170974
13291.17  0.3172728
13292.473  0.3174406
13293.776  0.3176007
13295.079  0.3177525
13296.382  0.317896
13297.685  0.3180309
13298.988  0.3181567
13300.291  0.3182732
13301.594  0.3183802
13302.897  0.3184773
13304.2  0.3185642
13305.503  0.3186407
13306.806  0.3187066
13308.109  0.3187613
13309.412  0.3188048
13310.715  0.3188367
13312.018  0.3188567
13313.321  0.3188645
13314.624  0.3188598
13315.927  0.3188425
13317.23  0.318812
13318.533  0.3187682
13319.836  0.3187108
13321.139  0.3186394
13322.442  0.3185539
13323.745  0.3184538
13325.048  0.3183391
13326.351  0.3182092
13327.654  0.318064
13328.957  0.3179033
13330.26  0.3177268
13331.563  0.3175343
13332.866  0.3173252
13334.169  0.3170997
13335.472  0.3168573
13336.775  0.3165976
13338.078  0.3163207
13339.381  0.3160262
13340.684  0.3157138
13341.987  0.315383
13343.29  0.315034
13344.593  0.3146663
13345.896  0.3142796
13347.199  0.3138735
13348.502  0.3134483
13349.805  0.3130031
13351.108  0.3125378
13352.411  0.3120526
13353.714  0.3115469
13355.017  0.3110201
13356.32  0.3104724
13357.623  0.3099035
13358.926  0.3093129
13360.229  0.3087006
13361.532  0.3080663
13362.835  0.3074097
13364.138  0.3067302
13365.441  0.306028
13366.744  0.3053029
13368.047  0.304554
13369.35  0.3037817
13370.653  0.3029857
13371.956  0.3021654
13373.259  0.3013203
13374.562  0.300451
13375.865  0.2995568
13377.168  0.2986368
13378.471  0.2976919
13379.774  0.2967214
13381.077  0.2957247
13382.38  0.2947014
13383.683  0.2936522
13384.986  0.2925759
13386.289  0.2914723
13387.592  0.290342
13388.895  0.2891842
13390.198  0.2879982
13391.501  0.286784
13392.804  0.2855422
13394.107  0.284271
13395.41  0.2829711
13396.713  0.2816426
13398.016  0.2802849
13399.319  0.2788965
13400.622  0.2774788
13401.925  0.2760315
13403.228  0.2745536
13404.531  0.273044
13405.834  0.2715043
13407.137  0.2699337
13408.44  0.2683306
13409.743  0.2666967
13411.046  0.265031
13412.349  0.2633327
13413.652  0.2616012
13414.955  0.259838
13416.258  0.2580414
13417.561  0.2562109
13418.864  0.2543481
13420.167  0.2524515
13421.47  0.2505198
13422.773  0.2485537
13424.076  0.2465544
13425.379  0.2445188
13426.682  0.2424483
13427.985  0.2403442
13429.288  0.2382059
13430.591  0.2360331
13431.894  0.2338292
13433.197  0.2315955
13434.5  0.2293303
13435.803  0.2270373
13437.106  0.2247172
13438.409  0.2223702
13439.712  0.2199962
13441.015  0.217599
13442.318  0.2151784
13443.621  0.2127337
13444.924  0.2102694
13446.227  0.207785
13447.53  0.2052803
13448.833  0.2027563
13450.136  0.200217
13451.439  0.1976617
13452.742  0.1950899
13454.045  0.1925038
13455.348  0.1899063
13456.651  0.1872954
13457.954  0.1846733
13459.257  0.1820429
13460.56  0.1794036
13461.863  0.176755
13463.166  0.1741003
13464.469  0.1714407
13465.772  0.1687748
13467.075  0.1661063
13468.378  0.1634361
13469.681  0.1607639
13470.984  0.1580899
13472.287  0.155418
13473.59  0.1527476
13474.893  0.1500782
13476.196  0.1474143
13477.499  0.1447558
13478.802  0.142102
13480.105  0.1394541
13481.408  0.1368161
13482.711  0.1341861
13484.014  0.1315651
13485.317  0.1289569
13486.62  0.1263611
13487.923  0.1237771
13489.226  0.1212071
13490.529  0.1186539
13491.832  0.1161156
13493.135  0.1135947
13494.438  0.1110935
13495.741  0.1086116
13497.044  0.1061486
13498.347  0.1037082
13499.65  0.101291
13500.953  0.09889568
13502.256  0.09652597
13503.559  0.09418301
13504.862  0.09186642
13506.165  0.08957613
13507.468  0.08731616
13508.771  0.08508633
13510.074  0.08288708
13511.377  0.08071869
13512.68  0.07858492
13513.983  0.07648478
13515.286  0.07441898
13516.589  0.07239071
13517.892  0.07039948
13519.195  0.06844604
13520.498  0.06653164
13521.801  0.06465875
13523.104  0.06282624
13524.407  0.06103638
13525.71  0.05929096
13527.013  0.05758984
13528.316  0.0559335
13529.619  0.05432433
13530.922  0.052763
13532.225  0.05124784
13533.528  0.04978056
13534.831  0.04836097
13536.134  0.04698843
13537.437  0.04566223
13538.74  0.04438396
13540.043  0.04315294
13541.346  0.04196829
13542.649  0.04083143
13543.952  0.03974165
13545.255  0.03869876
13546.558  0.03770243
13547.861  0.03675378
13549.164  0.03585174
13550.467  0.03499633
13551.77  0.03418845
13553.073  0.03342735
13554.376  0.03271282
13555.679  0.03204501
13556.982  0.03142447
13558.285  0.03085034
13559.588  0.03032296
13560.891  0.02984256
13562.194  0.0294088
13563.497  0.02902152
13564.8  0.02868095
13566.103  0.02838711
13567.406  0.02813982
13568.709  0.027939
13570.012  0.02778477
