19525.54  0.2725432
19527.7216756229  0.2727555
19529.9033512457  0.2729667
19532.0850268686  0.2731766
19534.2667024915  0.2733852
19536.4483781143  0.2735926
19538.6300537372  0.2737988
19540.81172936  0.2740037
19542.9934049829  0.2742075
19545.1750806058  0.27441
19547.3567562286  0.2746114
19549.5384318515  0.2748116
19551.7201074744  0.2750107
19553.9017830972  0.2752085
19556.0834587201  0.2754052
19558.2651343429  0.2756008
19560.4468099658  0.2757952
19562.6284855887  0.2759884
19564.8101612115  0.2761805
19566.9918368344  0.2763715
19569.1735124573  0.2765614
19571.3551880801  0.2767501
19573.536863703  0.2769378
19575.7185393258  0.2771243
19577.9002149487  0.2773098
19580.0818905716  0.2774941
19582.2635661944  0.2776774
19584.4452418173  0.2778596
19586.6269174402  0.2780407
19588.808593063  0.2782207
19590.9902686859  0.2783997
19593.1719443087  0.2785777
19595.3536199316  0.2787546
19597.5352955545  0.2789305
19599.7169711773  0.2791053
19601.8986468002  0.2792791
19604.0803224231  0.2794518
19606.2619980459  0.2796236
19608.4436736688  0.2797944
19610.6253492917  0.2799641
19612.8070249145  0.2801329
19614.9887005374  0.2803007
19617.1703761602  0.2804675
19619.3520517831  0.2806333
19621.533727406  0.2807982
19623.7154030288  0.2809621
19625.8970786517  0.281125
19628.0787542746  0.281287
19630.2604298974  0.2814481
19632.4421055203  0.2816082
19634.6237811431  0.2817674
19636.805456766  0.2819257
19638.9871323889  0.282083
19641.1688080117  0.2822395
19643.3504836346  0.282395
19645.5321592575  0.2825496
19647.7138348803  0.2827034
19649.8955105032  0.2828564
19652.077186126  0.2830084
19654.2588617489  0.2831595
19656.4405373718  0.2833098
19658.6222129946  0.2834592
19660.8038886175  0.2836077
19662.9855642404  0.2837554
19665.1672398632  0.2839023
19667.3489154861  0.2840483
19669.5305911089  0.2841935
19671.7122667318  0.2843378
19673.8939423547  0.2844814
19676.0756179775  0.2846242
19678.2572936004  0.2847661
19680.4389692233  0.2849073
19682.6206448461  0.2850477
19684.802320469  0.2851873
19686.9839960918  0.2853261
19689.1656717147  0.2854642
19691.3473473376  0.2856015
19693.5290229604  0.285738
19695.7106985833  0.2858738
19697.8923742062  0.2860089
19700.074049829  0.2861432
19702.2557254519  0.2862768
19704.4374010747  0.2864096
19706.6190766976  0.2865418
19708.8007523205  0.2866732
19710.9824279433  0.286804
19713.1641035662  0.286934
19715.3457791891  0.2870634
19717.5274548119  0.287192
19719.7091304348  0.28732
19721.8908060577  0.2874473
19724.0724816805  0.287574
19726.2541573034  0.2877
19728.4358329262  0.2878253
19730.6175085491  0.28795
19732.799184172  0.2880741
19734.9808597948  0.2881975
19737.1625354177  0.2883203
19739.3442110405  0.2884425
19741.5258866634  0.2885641
19743.7075622863  0.288685
19745.8892379091  0.2888054
19748.070913532  0.2889252
19750.2525891549  0.2890444
19752.4342647777  0.2891629
19754.6159404006  0.289281
19756.7976160235  0.2893984
19758.9792916463  0.2895153
19761.1609672692  0.2896317
19763.342642892  0.2897474
19765.5243185149  0.2898627
19767.7059941378  0.2899774
19769.8876697606  0.2900916
19772.0693453835  0.2902054
19774.2510210064  0.2903185
19776.4326966292  0.2904312
19778.6143722521  0.2905433
19780.7960478749  0.290655
19782.9777234978  0.2907661
19785.1593991207  0.2908767
19787.3410747435  0.2909869
19789.5227503664  0.2910967
19791.7044259893  0.2912059
19793.8861016121  0.2913147
19796.067777235  0.2914231
19798.2494528578  0.2915309
19800.4311284807  0.2916384
19802.6128041036  0.2917454
19804.7944797264  0.291852
19806.9761553493  0.2919582
19809.1578309722  0.292064
19811.339506595  0.2921694
19813.5211822179  0.2922743
19815.7028578407  0.2923788
19817.8845334636  0.2924831
19820.0662090865  0.2925869
19822.2478847093  0.2926902
19824.4295603322  0.2927933
19826.6112359551  0.292896
19828.7929115779  0.2929984
19830.9745872008  0.2931004
19833.1562628236  0.293202
19835.3379384465  0.2933034
19837.5196140694  0.2934043
19839.7012896922  0.293505
19841.8829653151  0.2936053
19844.064640938  0.2937054
19846.2463165608  0.2938051
19848.4279921837  0.2939046
19850.6096678065  0.2940037
19852.7913434294  0.2941025
19854.9730190523  0.2942011
19857.1546946751  0.2942995
19859.336370298  0.2943975
19861.5180459209  0.2944953
19863.6997215437  0.2945928
19865.8813971666  0.2946902
19868.0630727895  0.2947872
19870.2447484123  0.2948841
19872.4264240352  0.2949806
19874.608099658  0.295077
19876.7897752809  0.2951732
19878.9714509038  0.2952691
19881.1531265266  0.2953649
19883.3348021495  0.2954605
19885.5164777724  0.2955559
19887.6981533952  0.2956511
19889.8798290181  0.2957461
19892.0615046409  0.2958409
19894.2431802638  0.2959357
19896.4248558867  0.2960303
19898.6065315095  0.2961247
19900.7882071324  0.2962189
19902.9698827553  0.296313
19905.1515583781  0.296407
19907.333234001  0.2965008
19909.5149096238  0.2965944
19911.6965852467  0.296688
19913.8782608696  0.2967813
19916.0599364924  0.2968746
19918.2416121153  0.2969676
19920.4232877382  0.2970605
19922.604963361  0.2971533
19924.7866389839  0.2972459
19926.9683146067  0.2973384
19929.1499902296  0.2974307
19931.3316658525  0.2975229
19933.5133414753  0.2976149
19935.6950170982  0.2977067
19937.8766927211  0.2977984
19940.0583683439  0.2978899
19942.2400439668  0.2979813
19944.4217195896  0.2980725
19946.6033952125  0.2981636
19948.7850708354  0.2982545
19950.9667464582  0.2983452
19953.1484220811  0.2984358
19955.330097704  0.2985263
19957.5117733268  0.2986166
19959.6934489497  0.2987067
19961.8751245726  0.2987966
19964.0568001954  0.2988864
19966.2384758183  0.298976
19968.4201514411  0.2990654
19970.601827064  0.2991547
19972.7835026869  0.2992438
19974.9651783097  0.2993328
19977.1468539326  0.2994216
19979.3285295554  0.2995102
19981.5102051783  0.2995987
19983.6918808012  0.2996869
19985.873556424  0.2997751
19988.0552320469  0.299863
19990.2369076698  0.2999508
19992.4185832926  0.3000384
19994.6002589155  0.3001258
19996.7819345383  0.3002131
19998.9636101612  0.3003002
20001.1452857841  0.3003871
20003.3269614069  0.3004738
20005.5086370298  0.3005604
20007.6903126527  0.3006468
20009.8719882755  0.300733
20012.0536638984  0.3008191
20014.2353395213  0.3009049
20016.4170151441  0.3009907
20018.598690767  0.3010762
20020.7803663898  0.3011615
20022.9620420127  0.3012467
20025.1437176356  0.3013316
20027.3253932584  0.3014165
20029.5070688813  0.3015011
20031.6887445042  0.3015855
20033.870420127  0.3016697
20036.0520957499  0.3017538
20038.2337713727  0.3018377
20040.4154469956  0.3019214
20042.5971226185  0.3020049
20044.7787982413  0.3020882
20046.9604738642  0.3021713
20049.1421494871  0.3022543
20051.3238251099  0.3023371
20053.5055007328  0.3024196
20055.6871763556  0.302502
20057.8688519785  0.3025842
20060.0505276014  0.3026662
20062.2322032242  0.302748
20064.4138788471  0.3028297
20066.59555447  0.302911
20068.7772300928  0.3029923
20070.9589057157  0.3030734
20073.1405813385  0.3031542
20075.3222569614  0.3032349
20077.5039325843  0.3033153
20079.6856082071  0.3033956
20081.86728383  0.3034756
20084.0489594529  0.3035556
20086.2306350757  0.3036352
20088.4123106986  0.3037147
20090.5939863214  0.303794
20092.7756619443  0.3038731
20094.9573375672  0.3039519
20097.13901319  0.3040306
20099.3206888129  0.3041091
20101.5023644358  0.3041874
20103.6840400586  0.3042655
20105.8657156815  0.3043433
20108.0473913043  0.304421
20110.2290669272  0.3044985
20112.4107425501  0.3045757
20114.5924181729  0.3046528
20116.7740937958  0.3047296
20118.9557694187  0.3048062
20121.1374450415  0.3048827
20123.3191206644  0.3049589
20125.5007962872  0.305035
20127.6824719101  0.3051108
20129.864147533  0.3051864
20132.0458231558  0.3052617
20134.2274987787  0.305337
20136.4091744016  0.3054119
20138.5908500244  0.3054867
20140.7725256473  0.3055612
20142.9542012702  0.3056356
20145.135876893  0.3057097
20147.3175525159  0.3057836
20149.4992281387  0.3058573
20151.6809037616  0.3059308
20153.8625793845  0.306004
20156.0442550073  0.306077
20158.2259306302  0.3061499
20160.4076062531  0.3062225
20162.5892818759  0.3062948
20164.7709574988  0.306367
20166.9526331216  0.3064389
20169.1343087445  0.3065107
20171.3159843674  0.3065822
20173.4976599902  0.3066534
20175.6793356131  0.3067245
20177.861011236  0.3067953
20180.0426868588  0.3068659
20182.2243624817  0.3069363
20184.4060381045  0.3070064
20186.5877137274  0.3070764
20188.7693893503  0.307146
20190.9510649731  0.3072155
20193.132740596  0.3072848
20195.3144162189  0.3073538
20197.4960918417  0.3074226
20199.6777674646  0.3074912
20201.8594430874  0.3075595
20204.0411187103  0.3076276
20206.2227943332  0.3076955
20208.404469956  0.3077631
20210.5861455789  0.3078305
20212.7678212018  0.3078977
20214.9494968246  0.3079646
20217.1311724475  0.3080313
20219.3128480703  0.3080978
20221.4945236932  0.308164
20223.6761993161  0.30823
20225.8578749389  0.3082958
20228.0395505618  0.3083613
20230.2212261847  0.3084266
20232.4029018075  0.3084916
20234.5845774304  0.3085564
20236.7662530532  0.308621
20238.9479286761  0.3086853
20241.129604299  0.3087494
20243.3112799218  0.3088132
20245.4929555447  0.3088769
20247.6746311676  0.3089402
20249.8563067904  0.3090033
20252.0379824133  0.3090662
20254.2196580361  0.3091288
20256.401333659  0.3091912
20258.5830092819  0.3092534
20260.7646849047  0.3093153
20262.9463605276  0.3093769
20265.1280361505  0.3094383
20267.3097117733  0.3094994
20269.4913873962  0.3095603
20271.6730630191  0.3096209
20273.8547386419  0.3096813
20276.0364142648  0.3097415
20278.2180898876  0.3098015
20280.3997655105  0.3098612
20282.5814411334  0.3099207
20284.7631167562  0.3099801
20286.9447923791  0.3100393
20289.126468002  0.3100983
20291.3081436248  0.3101571
20293.4898192477  0.3102158
20295.6714948705  0.3102743
20297.8531704934  0.3103328
20300.0348461163  0.3103911
20302.2165217391  0.3104493
20304.398197362  0.3105074
20306.5798729849  0.3105654
20308.7615486077  0.3106234
20310.9432242306  0.3106813
20313.1248998534  0.3107391
20315.3065754763  0.3107969
20317.4882510992  0.3108546
20319.669926722  0.3109123
20321.8516023449  0.31097
20324.0332779678  0.3110278
20326.2149535906  0.3110855
20328.3966292135  0.3111432
20330.5783048363  0.3112009
20332.7599804592  0.3112588
20334.9416560821  0.3113166
20337.1233317049  0.3113745
20339.3050073278  0.3114325
20341.4866829507  0.3114905
20343.6683585735  0.3115487
20345.8500341964  0.3116069
20348.0317098192  0.3116653
20350.2133854421  0.3117237
20352.395061065  0.3117824
20354.5767366878  0.3118411
20356.7584123107  0.3119
20358.9400879336  0.3119591
20361.1217635564  0.3120183
20363.3034391793  0.3120778
20365.4851148021  0.3121373
20367.666790425  0.3121972
20369.8484660479  0.3122572
20372.0301416707  0.3123175
20374.2118172936  0.312378
20376.3934929165  0.3124387
20378.5751685393  0.3124997
20380.7568441622  0.312561
20382.938519785  0.3126225
20385.1201954079  0.3126844
20387.3018710308  0.3127465
20389.4835466536  0.312809
20391.6652222765  0.3128717
20393.8468978994  0.3129347
20396.0285735222  0.3129982
20398.2102491451  0.3130619
20400.3919247679  0.3131261
20402.5736003908  0.3131905
20404.7552760137  0.3132554
20406.9369516365  0.3133207
20409.1186272594  0.3133864
20411.3003028823  0.3134525
20413.4819785051  0.3135189
20415.663654128  0.3135858
20417.8453297509  0.3136532
20420.0270053737  0.313721
20422.2086809966  0.3137893
20424.3903566194  0.3138581
20426.5720322423  0.3139273
20428.7537078652  0.3139971
20430.935383488  0.3140673
20433.1170591109  0.3141381
20435.2987347338  0.3142093
20437.4804103566  0.3142812
20439.6620859795  0.3143535
20441.8437616023  0.3144264
20444.0254372252  0.3144999
20446.2071128481  0.314574
20448.3887884709  0.3146487
20450.5704640938  0.3147239
20452.7521397167  0.3147997
20454.9338153395  0.3148762
20457.1154909624  0.3149533
20459.2971665852  0.3150311
20461.4788422081  0.3151095
20463.660517831  0.3151885
20465.8421934538  0.3152682
20468.0238690767  0.3153487
20470.2055446996  0.3154297
20472.3872203224  0.3155115
20474.5688959453  0.315594
20476.7505715681  0.3156772
20478.932247191  0.3157612
20481.1139228139  0.3158459
20483.2955984367  0.3159313
20485.4772740596  0.3160176
20487.6589496825  0.3161046
20489.8406253053  0.3161923
20492.0223009282  0.3162809
20494.203976551  0.3163703
20496.3856521739  0.3164604
20498.5673277968  0.3165515
20500.7490034196  0.3166433
20502.9306790425  0.3167361
20505.1123546654  0.3168297
20507.2940302882  0.3169241
20509.4757059111  0.3170194
20511.6573815339  0.3171155
20513.8390571568  0.3172127
20516.0207327797  0.3173106
20518.2024084025  0.3174096
20520.3840840254  0.3175094
20522.5657596483  0.3176101
20524.7474352711  0.3177119
20526.929110894  0.3178146
20529.1107865169  0.3179182
20531.2924621397  0.3180229
20533.4741377626  0.3181285
20535.6558133854  0.3182352
20537.8374890083  0.3183428
20540.0191646312  0.3184515
20542.200840254  0.3185612
20544.3825158769  0.3186719
20546.5641914998  0.3187837
20548.7458671226  0.3188966
20550.9275427455  0.3190105
20553.1092183683  0.3191256
20555.2908939912  0.3192417
20557.4725696141  0.3193589
20559.6542452369  0.3194772
20561.8359208598  0.3195966
20564.0175964827  0.3197173
20566.1992721055  0.319839
20568.3809477284  0.3199619
20570.5626233512  0.3200859
20572.7442989741  0.3202112
20574.925974597  0.3203377
20577.1076502198  0.3204653
20579.2893258427  0.3205941
20581.4710014656  0.3207242
20583.6526770884  0.3208555
20585.8343527113  0.320988
20588.0160283341  0.3211218
20590.197703957  0.3212568
20592.3793795799  0.3213931
20594.5610552027  0.3215307
20596.7427308256  0.3216696
20598.9244064485  0.3218098
20601.1060820713  0.3219513
20603.2877576942  0.3220941
20605.469433317  0.3222382
20607.6511089399  0.3223838
20609.8327845628  0.3225306
20612.0144601856  0.3226788
20614.1961358085  0.3228284
20616.3778114314  0.3229794
20618.5594870542  0.3231317
20620.7411626771  0.3232855
20622.9228382999  0.3234407
20625.1045139228  0.3235974
20627.2861895457  0.3237555
20629.4678651685  0.323915
20631.6495407914  0.324076
20633.8312164143  0.3242384
20636.0128920371  0.3244023
20638.19456766  0.3245677
20640.3762432828  0.3247346
20642.5579189057  0.324903
20644.7395945286  0.3250729
20646.9212701514  0.3252443
20649.1029457743  0.3254171
20651.2846213972  0.3255914
20653.46629702  0.3257672
20655.6479726429  0.3259442
20657.8296482658  0.3261227
20660.0113238886  0.3263025
20662.1929995115  0.3264837
20664.3746751343  0.3266661
20666.5563507572  0.3268498
20668.7380263801  0.3270347
20670.9197020029  0.3272209
20673.1013776258  0.3274083
20675.2830532486  0.3275968
20677.4647288715  0.3277866
20679.6464044944  0.3279774
20681.8280801172  0.3281693
20684.0097557401  0.3283623
20686.191431363  0.3285564
20688.3731069858  0.3287515
20690.5547826087  0.3289476
20692.7364582316  0.3291447
20694.9181338544  0.3293428
20697.0998094773  0.3295418
20699.2814851001  0.3297417
20701.463160723  0.3299425
20703.6448363459  0.3301442
20705.8265119687  0.3303466
20708.0081875916  0.33055
20710.1898632145  0.3307541
20712.3715388373  0.330959
20714.5532144602  0.3311646
20716.734890083  0.3313709
20718.9165657059  0.331578
20721.0982413288  0.3317857
20723.2799169516  0.3319941
20725.4615925745  0.3322031
20727.6432681973  0.3324127
20729.8249438202  0.3326229
20732.0066194431  0.3328336
20734.1882950659  0.3330449
20736.3699706888  0.3332567
20738.5516463117  0.3334689
20740.7333219345  0.3336816
20742.9149975574  0.3338948
20745.0966731803  0.3341084
20747.2783488031  0.3343225
20749.460024426  0.3345368
20751.6417000488  0.3347515
20753.8233756717  0.3349664
20756.0050512946  0.3351816
20758.1867269174  0.3353972
20760.3684025403  0.335613
20762.5500781632  0.335829
20764.731753786  0.3360451
20766.9134294089  0.3362615
20769.0951050317  0.336478
20771.2767806546  0.3366946
20773.4584562775  0.3369113
20775.6401319003  0.3371281
20777.8218075232  0.337345
20780.0034831461  0.3375618
20782.1851587689  0.3377787
20784.3668343918  0.3379956
20786.5485100146  0.3382124
20788.7301856375  0.3384292
20790.9118612604  0.3386458
20793.0935368832  0.3388624
20795.2752125061  0.3390788
20797.456888129  0.339295
20799.6385637518  0.3395111
20801.8202393747  0.339727
20804.0019149975  0.3399426
20806.1835906204  0.3401579
20808.3652662433  0.340373
20810.5469418661  0.3405878
20812.728617489  0.3408022
20814.9102931119  0.3410163
20817.0919687347  0.34123
20819.2736443576  0.3414433
20821.4553199805  0.3416562
20823.6369956033  0.3418686
20825.8186712262  0.3420805
20828.000346849  0.342292
20830.1820224719  0.342503
20832.3636980948  0.3427133
20834.5453737176  0.3429231
20836.7270493405  0.3431323
20838.9087249634  0.343341
20841.0904005862  0.343549
20843.2720762091  0.3437562
20845.4537518319  0.3439628
20847.6354274548  0.3441687
20849.8171030777  0.3443739
20851.9987787005  0.3445783
20854.1804543234  0.3447819
20856.3621299463  0.3449847
20858.5438055691  0.3451867
20860.725481192  0.3453878
20862.9071568148  0.3455881
20865.0888324377  0.3457874
20867.2705080606  0.345986
20869.4521836834  0.3461834
20871.6338593063  0.3463799
20873.8155349292  0.3465753
20875.997210552  0.3467698
20878.1788861749  0.3469633
20880.3605617977  0.3471555
20882.5422374206  0.3473468
20884.7239130435  0.3475369
20886.9055886663  0.3477259
20889.0872642892  0.3479137
20891.2689399121  0.3481003
20893.4506155349  0.3482857
20895.6322911578  0.3484699
20897.8139667806  0.3486528
20899.9956424035  0.3488343
20902.1773180264  0.3490147
20904.3589936492  0.3491937
20906.5406692721  0.3493713
20908.722344895  0.3495474
20910.9040205178  0.3497223
20913.0856961407  0.3498957
20915.2673717635  0.3500676
20917.4490473864  0.350238
20919.6307230093  0.350407
20921.8123986321  0.3505744
20923.994074255  0.3507403
20926.1757498779  0.3509046
20928.3574255007  0.3510673
20930.5391011236  0.3512284
20932.7207767465  0.3513879
20934.9024523693  0.3515456
20937.0841279922  0.3517017
20939.265803615  0.351856
20941.4474792379  0.3520087
20943.6291548608  0.3521595
20945.8108304836  0.3523086
20947.9925061065  0.3524558
20950.1741817294  0.3526012
20952.3558573522  0.3527448
20954.5375329751  0.3528864
20956.7192085979  0.3530262
20958.9008842208  0.353164
20961.0825598437  0.3532999
20963.2642354665  0.3534338
20965.4459110894  0.3535657
20967.6275867122  0.3536955
20969.8092623351  0.3538233
20971.990937958  0.353949
20974.1726135808  0.3540727
20976.3542892037  0.3541942
20978.5359648266  0.3543136
20980.7176404494  0.3544307
20982.8993160723  0.3545457
20985.0809916951  0.3546585
20987.262667318  0.354769
20989.4443429409  0.3548774
20991.6260185637  0.3549833
20993.8076941866  0.355087
20995.9893698095  0.3551883
20998.1710454323  0.3552872
21000.3527210552  0.3553838
21002.5343966781  0.3554779
21004.7160723009  0.3555697
21006.8977479238  0.3556589
21009.0794235466  0.3557457
21011.2610991695  0.3558299
21013.4427747924  0.3559117
21015.6244504152  0.3559908
21017.8061260381  0.3560675
21019.987801661  0.3561416
21022.1694772838  0.3562132
21024.3511529067  0.3562822
21026.5328285295  0.3563488
21028.7145041524  0.3564129
21030.8961797753  0.3564745
21033.0778553981  0.3565336
21035.259531021  0.3565904
21037.4412066439  0.3566447
21039.6228822667  0.3566966
21041.8045578896  0.3567461
21043.9862335125  0.3567933
21046.1679091353  0.3568381
21048.3495847582  0.3568805
21050.531260381  0.3569206
21052.7129360039  0.3569584
21054.8946116268  0.3569939
21057.0762872496  0.3570271
21059.2579628725  0.357058
21061.4396384954  0.3570866
21063.6213141182  0.357113
21065.8029897411  0.3571372
21067.9846653639  0.3571592
21070.1663409868  0.3571789
21072.3480166097  0.3571965
21074.5296922325  0.3572119
21076.7113678554  0.3572252
21078.8930434782  0.3572363
21081.0747191011  0.3572453
21083.256394724  0.3572521
21085.4380703468  0.3572569
21087.6197459697  0.3572595
21089.8014215926  0.3572602
21091.9830972154  0.3572587
21094.1647728383  0.3572552
21096.3464484612  0.3572497
21098.528124084  0.3572422
21100.7097997069  0.3572327
21102.8914753297  0.3572211
21105.0731509526  0.3572077
21107.2548265755  0.3571923
21109.4365021983  0.3571749
21111.6181778212  0.3571556
21113.7998534441  0.3571344
21115.9815290669  0.3571113
21118.1632046898  0.3570863
21120.3448803126  0.3570595
21122.5265559355  0.3570308
21124.7082315584  0.3570003
21126.8899071812  0.356968
21129.0715828041  0.3569338
21131.253258427  0.3568979
21133.4349340498  0.3568602
21135.6166096727  0.3568207
21137.7982852955  0.3567795
21139.9799609184  0.3567365
21142.1616365413  0.3566919
21144.3433121641  0.3566454
21146.524987787  0.3565974
21148.7066634099  0.3565476
21150.8883390327  0.3564962
21153.0700146556  0.3564432
21155.2516902784  0.3563885
21157.4333659013  0.3563322
21159.6150415242  0.3562743
21161.796717147  0.3562148
21163.9783927699  0.3561538
21166.1600683928  0.3560912
21168.3417440156  0.356027
21170.5234196385  0.3559613
21172.7050952613  0.3558941
21174.8867708842  0.3558254
21177.0684465071  0.3557552
21179.2501221299  0.3556835
21181.4317977528  0.3556105
21183.6134733757  0.3555359
21185.7951489985  0.3554599
21187.9768246214  0.3553826
21190.1585002442  0.3553038
21192.3401758671  0.3552236
21194.52185149  0.3551421
21196.7035271128  0.3550592
21198.8852027357  0.354975
21201.0668783586  0.3548895
21203.2485539814  0.3548025
21205.4302296043  0.3547144
21207.6119052271  0.354625
21209.79358085  0.3545343
21211.9752564729  0.3544424
21214.1569320957  0.3543492
21216.3386077186  0.3542548
21218.5202833415  0.3541591
21220.7019589643  0.3540623
21222.8836345872  0.3539644
21225.0653102101  0.3538653
21227.2469858329  0.353765
21229.4286614558  0.3536636
21231.6103370786  0.353561
21233.7920127015  0.3534573
21235.9736883244  0.3533526
21238.1553639472  0.3532467
21240.3370395701  0.3531398
21242.518715193  0.353032
21244.7003908158  0.352923
21246.8820664387  0.352813
21249.0637420615  0.3527021
21251.2454176844  0.3525901
21253.4270933073  0.3524772
21255.6087689301  0.3523633
21257.790444553  0.3522485
21259.9721201759  0.3521327
21262.1537957987  0.3520161
21264.3354714216  0.3518985
21266.5171470444  0.3517801
21268.6988226673  0.3516608
21270.8804982902  0.3515406
21273.062173913  0.3514196
21275.2438495359  0.3512977
21277.4255251588  0.3511751
21279.6072007816  0.3510517
21281.7888764045  0.3509274
21283.9705520273  0.3508024
21286.1522276502  0.3506767
21288.3339032731  0.3505502
21290.5155788959  0.350423
21292.6972545188  0.350295
21294.8789301417  0.3501664
21297.0606057645  0.3500372
21299.2422813874  0.3499071
21301.4239570102  0.3497765
21303.6056326331  0.3496453
21305.787308256  0.3495134
21307.9689838788  0.349381
21310.1506595017  0.3492479
21312.3323351246  0.3491142
21314.5140107474  0.3489801
21316.6956863703  0.3488453
21318.8773619932  0.34871
21321.059037616  0.3485742
21323.2407132389  0.3484379
21325.4223888617  0.3483011
21327.6040644846  0.3481638
21329.7857401075  0.3480261
21331.9674157303  0.3478879
21334.1490913532  0.3477493
21336.330766976  0.3476103
21338.5124425989  0.3474708
21340.6941182218  0.347331
21342.8757938446  0.3471908
21345.0574694675  0.3470503
21347.2391450904  0.3469094
21349.4208207132  0.3467682
21351.6024963361  0.3466267
21353.784171959  0.3464848
21355.9658475818  0.3463426
21358.1475232047  0.3462002
21360.3291988275  0.3460575
21362.5108744504  0.3459147
21364.6925500733  0.3457716
21366.8742256961  0.3456283
21369.055901319  0.3454847
21371.2375769418  0.345341
21373.4192525647  0.3451972
21375.6009281876  0.3450531
21377.7826038104  0.344909
21379.9642794333  0.3447647
21382.1459550562  0.3446203
21384.327630679  0.3444758
21386.5093063019  0.3443313
21388.6909819248  0.3441866
21390.8726575476  0.3440419
21393.0543331705  0.3438972
21395.2360087933  0.3437525
21397.4176844162  0.3436076
21399.5993600391  0.3434629
21401.7810356619  0.3433181
21403.9627112848  0.3431734
21406.1443869077  0.3430286
21408.3260625305  0.3428839
21410.5077381534  0.3427393
21412.6894137762  0.3425947
21414.8710893991  0.3424501
21417.052765022  0.3423057
21419.2344406448  0.3421614
21421.4161162677  0.3420171
21423.5977918906  0.341873
21425.7794675134  0.3417291
21427.9611431363  0.3415852
21430.1428187591  0.3414415
21432.324494382  0.341298
21434.5061700049  0.3411547
21436.6878456277  0.3410115
21438.8695212506  0.3408686
21441.0511968735  0.3407259
21443.2328724963  0.3405833
21445.4145481192  0.340441
21447.596223742  0.340299
21449.7778993649  0.3401572
21451.9595749878  0.3400157
21454.1412506106  0.3398745
21456.3229262335  0.3397335
21458.5046018564  0.3395929
21460.6862774792  0.3394526
21462.8679531021  0.3393126
21465.0496287249  0.3391729
21467.2313043478  0.3390336
21469.4129799707  0.3388946
21471.5946555935  0.3387561
21473.7763312164  0.3386179
21475.9580068393  0.3384801
21478.1396824621  0.3383426
21480.321358085  0.3382056
21482.5030337078  0.3380691
21484.6847093307  0.3379329
21486.8663849536  0.3377973
21489.0480605764  0.3376622
21491.2297361993  0.3375275
21493.4114118222  0.3373932
21495.593087445  0.3372596
21497.7747630679  0.3371263
21499.9564386907  0.3369936
21502.1381143136  0.3368615
21504.3197899365  0.3367299
21506.5014655593  0.3365989
21508.6831411822  0.3364684
21510.8648168051  0.3363385
21513.0464924279  0.3362091
21515.2281680508  0.3360805
21517.4098436737  0.3359524
21519.5915192965  0.3358249
21521.7731949194  0.3356981
21523.9548705422  0.3355719
21526.1365461651  0.3354464
21528.318221788  0.3353216
21530.4998974108  0.3351974
21532.6815730337  0.335074
21534.8632486566  0.3349512
21537.0449242794  0.3348292
21539.2265999023  0.3347079
21541.4082755251  0.3345873
21543.589951148  0.3344675
21545.7716267709  0.3343485
21547.9533023937  0.3342302
21550.1349780166  0.3341127
21552.3166536395  0.3339961
21554.4983292623  0.3338802
21556.6800048852  0.3337651
21558.861680508  0.3336509
21561.0433561309  0.3335375
21563.2250317538  0.333425
21565.4067073766  0.3333134
21567.5883829995  0.3332026
21569.7700586224  0.3330927
21571.9517342452  0.3329838
21574.1334098681  0.3328757
21576.3150854909  0.3327686
21578.4967611138  0.3326624
21580.6784367367  0.3325572
21582.8601123595  0.3324529
21585.0417879824  0.3323496
21587.2234636053  0.3322472
21589.4051392281  0.3321459
21591.586814851  0.3320456
21593.7684904738  0.3319463
21595.9501660967  0.331848
21598.1318417196  0.3317507
21600.3135173424  0.3316545
21602.4951929653  0.3315594
21604.6768685882  0.3314653
21606.858544211  0.3313724
21609.0402198339  0.3312806
21611.2218954568  0.3311898
21613.4035710796  0.3311002
21615.5852467025  0.3310117
21617.7669223253  0.3309243
21619.9485979482  0.3308381
21622.1302735711  0.3307531
21624.3119491939  0.3306693
21626.4936248168  0.3305867
21628.6753004397  0.3305052
21630.8569760625  0.330425
21633.0386516854  0.330346
21635.2203273082  0.3302682
21637.4020029311  0.3301917
21639.583678554  0.3301164
21641.7653541768  0.3300424
21643.9470297997  0.3299697
21646.1287054226  0.3298983
21648.3103810454  0.3298282
21650.4920566683  0.3297595
21652.6737322911  0.329692
21654.855407914  0.3296259
21657.0370835369  0.3295611
21659.2187591597  0.3294977
21661.4004347826  0.3294357
21663.5821104055  0.3293751
21665.7637860283  0.3293158
21667.9454616512  0.329258
21670.127137274  0.3292016
21672.3088128969  0.3291466
21674.4904885198  0.3290931
21676.6721641426  0.329041
21678.8538397655  0.3289904
21681.0355153884  0.3289413
21683.2171910112  0.3288937
21685.3988666341  0.3288476
21687.5805422569  0.328803
21689.7622178798  0.3287599
21691.9438935027  0.3287183
21694.1255691255  0.3286783
21696.3072447484  0.3286399
21698.4889203713  0.328603
21700.6705959941  0.3285677
21702.852271617  0.3285341
21705.0339472398  0.3285019
21707.2156228627  0.3284715
21709.3972984856  0.3284426
21711.5789741084  0.3284155
21713.7606497313  0.3283899
21715.9423253542  0.328366
21718.124000977  0.3283438
21720.3056765999  0.3283233
21722.4873522227  0.3283044
21724.6690278456  0.3282873
21726.8507034685  0.328272
21729.0323790913  0.3282583
21731.2140547142  0.3282464
21733.3957303371  0.3282363
21735.5774059599  0.3282279
21737.7590815828  0.3282213
21739.9407572057  0.3282164
21742.1224328285  0.3282134
21744.3041084514  0.3282122
21746.4857840742  0.3282129
21748.6674596971  0.3282153
21750.84913532  0.3282196
21753.0308109428  0.3282258
21755.2124865657  0.3282338
21757.3941621885  0.3282437
21759.5758378114  0.3282556
21761.7575134343  0.3282692
21763.9391890571  0.3282848
21766.12086468  0.3283022
21768.3025403029  0.3283215
21770.4842159257  0.3283425
21772.6658915486  0.3283653
21774.8475671715  0.3283899
21777.0292427943  0.3284162
21779.2109184172  0.3284442
21781.39259404  0.3284739
21783.5742696629  0.3285052
21785.7559452858  0.3285382
21787.9376209086  0.3285728
21790.1192965315  0.328609
21792.3009721544  0.3286467
21794.4826477772  0.3286861
21796.6643234001  0.3287269
21798.8459990229  0.3287693
21801.0276746458  0.328813
21803.2093502687  0.3288583
21805.3910258915  0.3289051
21807.5727015144  0.3289532
21809.7543771373  0.3290027
21811.9360527601  0.3290536
21814.117728383  0.3291058
21816.2994040058  0.3291593
21818.4810796287  0.3292142
21820.6627552516  0.3292703
21822.8444308744  0.3293277
21825.0261064973  0.3293863
21827.2077821202  0.3294461
21829.389457743  0.3295071
21831.5711333659  0.3295693
21833.7528089887  0.3296326
21835.9344846116  0.329697
21838.1161602345  0.3297625
21840.2978358573  0.3298291
21842.4795114802  0.3298968
21844.6611871031  0.3299654
21846.8428627259  0.3300351
21849.0245383488  0.3301057
21851.2062139716  0.3301774
21853.3878895945  0.3302499
21855.5695652174  0.3303233
21857.7512408402  0.3303976
21859.9329164631  0.3304729
21862.114592086  0.3305489
21864.2962677088  0.3306258
21866.4779433317  0.3307035
21868.6596189545  0.3307819
21870.8412945774  0.3308611
21873.0229702003  0.330941
21875.2046458231  0.3310216
21877.386321446  0.331103
21879.5679970689  0.3311849
21881.7496726917  0.3312676
21883.9313483146  0.3313508
21886.1130239374  0.3314347
21888.2946995603  0.3315191
21890.4763751832  0.331604
21892.658050806  0.3316895
21894.8397264289  0.3317755
21897.0214020518  0.331862
21899.2030776746  0.3319489
21901.3847532975  0.3320363
21903.5664289204  0.3321241
21905.7481045432  0.3322122
21907.9297801661  0.3323008
21910.1114557889  0.3323896
21912.2931314118  0.3324788
21914.4748070347  0.3325683
21916.6564826575  0.3326581
21918.8381582804  0.3327481
21921.0198339033  0.3328384
21923.2015095261  0.3329289
21925.383185149  0.3330195
21927.5648607718  0.3331103
21929.7465363947  0.3332013
21931.9282120176  0.3332924
21934.1098876404  0.3333836
21936.2915632633  0.3334748
21938.4732388862  0.3335661
21940.654914509  0.3336574
21942.8365901319  0.3337487
21945.0182657547  0.3338401
21947.1999413776  0.3339313
21949.3816170005  0.3340225
21951.5632926233  0.3341136
21953.7449682462  0.3342046
21955.9266438691  0.3342955
21958.1083194919  0.3343862
21960.2899951148  0.3344768
21962.4716707376  0.3345671
21964.6533463605  0.3346573
21966.8350219834  0.3347472
21969.0166976062  0.3348368
21971.1983732291  0.3349261
21973.380048852  0.3350151
21975.5617244748  0.3351038
21977.7434000977  0.3351921
21979.9250757205  0.33528
21982.1067513434  0.3353675
21984.2884269663  0.3354546
21986.4701025891  0.3355412
21988.651778212  0.3356274
21990.8334538349  0.3357131
21993.0151294577  0.3357983
21995.1968050806  0.3358829
21997.3784807034  0.3359669
21999.5601563263  0.3360504
22001.7418319492  0.3361332
22003.923507572  0.3362155
22006.1051831949  0.336297
22008.2868588178  0.3363779
22010.4685344406  0.3364581
22012.6502100635  0.3365376
22014.8318856863  0.3366163
22017.0135613092  0.3366943
22019.1952369321  0.3367715
22021.3769125549  0.3368478
22023.5585881778  0.3369233
22025.7402638007  0.336998
22027.9219394235  0.3370717
22030.1036150464  0.3371446
22032.2852906693  0.3372166
22034.4669662921  0.3372876
22036.648641915  0.3373576
22038.8303175378  0.3374266
22041.0119931607  0.3374946
22043.1936687836  0.3375616
22045.3753444064  0.3376276
22047.5570200293  0.3376924
22049.7386956521  0.3377561
22051.920371275  0.3378187
22054.1020468979  0.3378801
22056.2837225207  0.3379403
22058.4653981436  0.3379994
22060.6470737665  0.3380572
22062.8287493893  0.3381138
22065.0104250122  0.3381692
22067.192100635  0.3382232
22069.3737762579  0.3382759
22071.5554518808  0.3383273
22073.7371275036  0.3383773
22075.9188031265  0.338426
22078.1004787494  0.3384732
22080.2821543722  0.338519
22082.4638299951  0.3385634
22084.645505618  0.3386063
22086.8271812408  0.3386477
22089.0088568637  0.3386876
22091.1905324865  0.3387259
22093.3722081094  0.3387627
22095.5538837323  0.3387979
22097.7355593551  0.3388315
22099.917234978  0.3388634
22102.0989106009  0.3388937
22104.2805862237  0.3389224
22106.4622618466  0.3389493
22108.6439374694  0.3389745
22110.8256130923  0.338998
22113.0072887152  0.3390197
22115.188964338  0.3390396
22117.3706399609  0.3390577
22119.5523155838  0.3390739
22121.7339912066  0.3390883
22123.9156668295  0.3391008
22126.0973424524  0.3391115
22128.2790180752  0.3391201
22130.4606936981  0.3391269
22132.6423693209  0.3391316
22134.8240449438  0.3391344
22137.0057205667  0.3391353
22139.1873961895  0.3391342
22141.3690718124  0.3391311
22143.5507474352  0.3391261
22145.7324230581  0.3391192
22147.914098681  0.3391103
22150.0957743038  0.3390994
22152.2774499267  0.3390867
22154.4591255496  0.3390721
22156.6408011724  0.3390555
22158.8224767953  0.339037
22161.0041524181  0.3390167
22163.185828041  0.3389944
22165.3675036639  0.3389702
22167.5491792867  0.3389442
22169.7308549096  0.3389163
22171.9125305325  0.3388865
22174.0942061553  0.3388548
22176.2758817782  0.3388213
22178.4575574011  0.3387859
22180.6392330239  0.3387487
22182.8209086468  0.3387096
22185.0025842696  0.3386687
22187.1842598925  0.3386259
22189.3659355154  0.3385814
22191.5476111382  0.338535
22193.7292867611  0.3384867
22195.910962384  0.3384367
22198.0926380068  0.3383849
22200.2743136297  0.3383312
22202.4559892525  0.3382758
22204.6376648754  0.3382186
22206.8193404983  0.3381595
22209.0010161211  0.3380987
22211.182691744  0.3380362
22213.3643673669  0.3379719
22215.5460429897  0.3379058
22217.7277186126  0.3378379
22219.9093942354  0.3377684
22222.0910698583  0.337697
22224.2727454812  0.337624
22226.454421104  0.3375491
22228.6360967269  0.3374726
22230.8177723498  0.3373943
22232.9994479726  0.3373144
22235.1811235955  0.3372327
22237.3627992183  0.3371493
22239.5444748412  0.3370642
22241.7261504641  0.3369775
22243.9078260869  0.336889
22246.0895017098  0.3367988
22248.2711773327  0.336707
22250.4528529555  0.3366135
22252.6345285784  0.3365183
22254.8162042012  0.3364215
22256.9978798241  0.336323
22259.179555447  0.3362229
22261.3612310698  0.3361211
22263.5429066927  0.3360177
22265.7245823156  0.3359126
22267.9062579384  0.335806
22270.0879335613  0.3356977
22272.2696091841  0.3355878
22274.451284807  0.3354762
22276.6329604299  0.3353631
22278.8146360527  0.3352484
22280.9963116756  0.3351321
22283.1779872985  0.3350142
22285.3596629213  0.3348947
22287.5413385442  0.3347736
22289.723014167  0.334651
22291.9046897899  0.3345268
22294.0863654128  0.334401
22296.2680410356  0.3342737
22298.4497166585  0.3341448
22300.6313922814  0.3340144
22302.8130679042  0.3338825
22304.9947435271  0.333749
22307.17641915  0.333614
22309.3580947728  0.3334775
22311.5397703957  0.3333395
22313.7214460185  0.3331999
22315.9031216414  0.3330589
22318.0847972643  0.3329163
22320.2664728871  0.3327722
22322.44814851  0.3326267
22324.6298241329  0.3324797
22326.8114997557  0.3323312
22328.9931753786  0.3321811
22331.1748510014  0.3320297
22333.3565266243  0.3318768
22335.5382022472  0.3317224
22337.71987787  0.3315667
22339.9015534929  0.3314094
22342.0832291158  0.3312508
22344.2649047386  0.3310907
22346.4465803615  0.3309292
22348.6282559843  0.3307662
22350.8099316072  0.3306018
22352.9916072301  0.3304361
22355.1732828529  0.3302689
22357.3549584758  0.3301003
22359.5366340987  0.3299304
22361.7183097215  0.329759
22363.8999853444  0.3295863
22366.0816609672  0.3294122
22368.2633365901  0.3292367
22370.445012213  0.3290599
22372.6266878358  0.3288817
22374.8083634587  0.3287022
22376.9900390816  0.3285212
22379.1717147044  0.328339
22381.3533903273  0.3281554
22383.5350659501  0.3279705
22385.716741573  0.3277843
22387.8984171959  0.3275968
22390.0800928187  0.3274078
22392.2617684416  0.3272177
22394.4434440645  0.3270262
22396.6251196873  0.3268335
22398.8067953102  0.3266393
22400.988470933  0.326444
22403.1701465559  0.3262474
22405.3518221788  0.3260495
22407.5334978016  0.3258503
22409.7151734245  0.3256499
22411.8968490474  0.3254481
22414.0785246702  0.3252452
22416.2602002931  0.325041
22418.4418759159  0.3248356
22420.6235515388  0.3246289
22422.8052271617  0.324421
22424.9869027845  0.3242118
22427.1685784074  0.3240015
22429.3502540303  0.3237899
22431.5319296531  0.3235772
22433.713605276  0.3233632
22435.8952808989  0.323148
22438.0769565217  0.3229317
22440.2586321446  0.3227141
22442.4403077674  0.3224954
22444.6219833903  0.3222755
22446.8036590132  0.3220545
22448.985334636  0.3218322
22451.1670102589  0.3216087
22453.3486858818  0.3213841
22455.5303615046  0.3211584
22457.7120371275  0.3209316
22459.8937127503  0.3207036
22462.0753883732  0.3204745
22464.2570639961  0.3202443
22466.4387396189  0.320013
22468.6204152418  0.3197805
22470.8020908647  0.319547
22472.9837664875  0.3193123
22475.1654421104  0.3190766
22477.3471177332  0.3188397
22479.5287933561  0.3186018
22481.710468979  0.3183628
22483.8921446018  0.3181227
22486.0738202247  0.3178816
22488.2554958476  0.3176394
22490.4371714704  0.3173961
22492.6188470933  0.3171518
22494.8005227161  0.3169064
22496.982198339  0.31666
22499.1638739619  0.3164126
22501.3455495847  0.3161641
22503.5272252076  0.3159146
22505.7089008305  0.3156641
22507.8905764533  0.3154126
22510.0722520762  0.3151602
22512.253927699  0.3149067
22514.4356033219  0.3146523
22516.6172789448  0.3143969
22518.7989545676  0.3141406
22520.9806301905  0.3138834
22523.1623058134  0.3136253
22525.3439814362  0.3133663
22527.5256570591  0.3131064
22529.7073326819  0.3128457
22531.8890083048  0.3125842
22534.0706839277  0.3123218
22536.2523595505  0.3120586
22538.4340351734  0.3117945
22540.6157107963  0.3115298
22542.7973864191  0.3112642
22544.979062042  0.3109979
22547.1607376648  0.3107308
22549.3424132877  0.310463
22551.5240889106  0.3101946
22553.7057645334  0.3099254
22555.8874401563  0.3096555
22558.0691157792  0.3093849
22560.250791402  0.3091137
22562.4324670249  0.3088419
22564.6141426478  0.3085694
22566.7958182706  0.3082963
22568.9774938935  0.3080226
22571.1591695163  0.3077483
22573.3408451392  0.3074733
22575.5225207621  0.3071978
22577.7041963849  0.3069219
22579.8858720078  0.3066454
22582.0675476307  0.3063684
22584.2492232535  0.306091
22586.4308988764  0.305813
22588.6125744992  0.3055346
22590.7942501221  0.3052557
22592.975925745  0.3049764
22595.1576013678  0.3046966
22597.3392769907  0.3044164
22599.5209526136  0.3041359
22601.7026282364  0.3038549
22603.8843038593  0.3035736
22606.0659794821  0.3032919
22608.247655105  0.30301
22610.4293307279  0.3027276
22612.6110063507  0.302445
22614.7926819736  0.302162
22616.9743575965  0.3018788
22619.1560332193  0.3015953
22621.3377088422  0.3013115
22623.519384465  0.3010275
22625.7010600879  0.3007433
22627.8827357108  0.3004589
22630.0644113336  0.3001743
22632.2460869565  0.2998895
22634.4277625794  0.2996045
22636.6094382022  0.2993194
22638.7911138251  0.2990341
22640.9727894479  0.2987487
22643.1544650708  0.2984632
22645.3361406937  0.2981776
22647.5178163165  0.2978919
22649.6994919394  0.2976061
22651.8811675623  0.2973204
22654.0628431851  0.2970345
22656.244518808  0.2967487
22658.4261944308  0.2964628
22660.6078700537  0.2961769
22662.7895456766  0.295891
22664.9712212994  0.2956052
22667.1528969223  0.2953194
22669.3345725452  0.2950337
22671.516248168  0.2947481
22673.6979237909  0.2944625
22675.8795994137  0.2941771
22678.0612750366  0.2938918
22680.2429506595  0.2936066
22682.4246262823  0.2933215
22684.6063019052  0.2930366
22686.7879775281  0.292752
22688.9696531509  0.2924674
22691.1513287738  0.2921831
22693.3330043967  0.291899
22695.5146800195  0.2916149
22697.6963556424  0.2913313
22699.8780312652  0.291048
22702.0597068881  0.2907649
22704.241382511  0.2904821
22706.4230581338  0.2901997
22708.6047337567  0.2899175
22710.7864093796  0.2896357
22712.9680850024  0.2893542
22715.1497606253  0.2890731
22717.3314362481  0.2887923
22719.513111871  0.288512
22721.6947874939  0.2882321
22723.8764631167  0.2879526
22726.0581387396  0.2876735
22728.2398143624  0.2873948
22730.4214899853  0.2871167
22732.6031656082  0.286839
22734.784841231  0.2865618
22736.9665168539  0.2862851
22739.1481924768  0.286009
22741.3298680996  0.2857333
22743.5115437225  0.2854582
22745.6932193453  0.2851837
22747.8748949682  0.2849097
22750.0565705911  0.2846364
22752.2382462139  0.2843637
22754.4199218368  0.2840916
22756.6015974597  0.2838201
22758.7832730825  0.2835492
22760.9649487054  0.283279
22763.1466243283  0.2830096
22765.3282999511  0.2827408
22767.509975574  0.2824726
22769.6916511968  0.2822053
22771.8733268197  0.2819386
22774.0550024426  0.2816728
22776.2366780654  0.2814076
22778.4183536883  0.2811433
22780.6000293112  0.2808797
22782.781704934  0.280617
22784.9633805569  0.280355
22787.1450561797  0.280094
22789.3267318026  0.2798337
22791.5084074255  0.2795744
22793.6900830483  0.2793159
22795.8717586712  0.2790583
22798.0534342941  0.2788016
22800.2351099169  0.2785458
22802.4167855398  0.278291
22804.5984611626  0.2780371
22806.7801367855  0.2777842
22808.9618124084  0.2775323
22811.1434880312  0.2772813
22813.3251636541  0.2770314
22815.506839277  0.2767823
22817.6885148998  0.2765344
22819.8701905227  0.2762876
22822.0518661456  0.2760418
22824.2335417684  0.2757972
22826.4152173913  0.2755536
22828.5968930141  0.2753111
22830.778568637  0.2750698
22832.9602442599  0.2748296
22835.1419198827  0.2745905
22837.3235955056  0.2743526
22839.5052711285  0.2741159
22841.6869467513  0.2738804
22843.8686223742  0.2736461
22846.050297997  0.273413
22848.2319736199  0.2731811
22850.4136492428  0.2729506
22852.5953248656  0.2727213
22854.7770004885  0.2724932
22856.9586761114  0.2722665
22859.1403517342  0.272041
22861.3220273571  0.2718169
22863.5037029799  0.2715942
22865.6853786028  0.2713727
22867.8670542257  0.2711526
22870.0487298485  0.270934
22872.2304054714  0.2707167
22874.4120810943  0.2705009
22876.5937567171  0.2702864
22878.77543234  0.2700734
22880.9571079628  0.2698618
22883.1387835857  0.2696517
22885.3204592086  0.2694429
22887.5021348314  0.2692356
22889.6838104543  0.2690297
22891.8654860772  0.2688252
22894.0471617  0.2686221
22896.2288373229  0.2684204
22898.4105129458  0.2682202
22900.5921885686  0.2680213
22902.7738641915  0.2678239
22904.9555398143  0.2676279
22907.1372154372  0.2674333
22909.3188910601  0.26724
22911.5005666829  0.2670482
22913.6822423058  0.2668577
22915.8639179286  0.2666687
22918.0455935515  0.266481
22920.2272691744  0.2662948
22922.4089447972  0.2661099
22924.5906204201  0.2659265
22926.772296043  0.2657444
22928.9539716658  0.2655637
22931.1356472887  0.2653843
22933.3173229115  0.2652064
22935.4989985344  0.2650298
22937.6806741573  0.2648545
22939.8623497801  0.2646807
22942.044025403  0.2645082
22944.2257010259  0.2643371
22946.4073766487  0.2641674
22948.5890522716  0.2639991
22950.7707278945  0.2638322
22952.9524035173  0.2636666
22955.1340791402  0.2635024
22957.315754763  0.2633395
22959.4974303859  0.2631779
22961.6791060088  0.2630178
22963.8607816316  0.262859
22966.0424572545  0.2627015
22968.2241328774  0.2625454
22970.4058085002  0.2623906
22972.5874841231  0.2622373
22974.7691597459  0.2620852
22976.9508353688  0.2619345
22979.1325109917  0.2617851
22981.3141866145  0.2616371
22983.4958622374  0.2614904
22985.6775378603  0.261345
22987.8592134831  0.261201
22990.040889106  0.2610583
22992.2225647288  0.2609169
22994.4042403517  0.2607769
22996.5859159746  0.2606382
22998.7675915974  0.2605008
23000.9492672203  0.2603648
23003.1309428432  0.26023
23005.312618466  0.2600966
23007.4942940889  0.2599645
23009.6759697117  0.2598338
23011.8576453346  0.2597042
23014.0393209575  0.2595761
23016.2209965803  0.2594493
23018.4026722032  0.2593237
23020.5843478261  0.2591995
23022.7660234489  0.2590766
23024.9476990718  0.2589549
23027.1293746946  0.2588346
23029.3110503175  0.2587156
23031.4927259404  0.2585979
23033.6744015632  0.2584814
23035.8560771861  0.2583663
23038.037752809  0.2582525
23040.2194284318  0.2581399
23042.4011040547  0.2580287
23044.5827796775  0.2579187
23046.7644553004  0.25781
23048.9461309233  0.2577026
23051.1278065461  0.2575965
23053.309482169  0.2574916
23055.4911577919  0.257388
23057.6728334147  0.2572858
23059.8545090376  0.2571847
23062.0361846604  0.2570849
23064.2178602833  0.2569864
23066.3995359062  0.2568892
23068.581211529  0.2567933
23070.7628871519  0.2566986
23072.9445627748  0.2566051
23075.1262383976  0.256513
23077.3079140205  0.2564221
23079.4895896434  0.2563325
23081.6712652662  0.2562441
23083.8529408891  0.256157
23086.0346165119  0.2560711
23088.2162921348  0.2559865
23090.3979677577  0.2559031
23092.5796433805  0.2558209
23094.7613190034  0.25574
23096.9429946263  0.2556604
23099.1246702491  0.255582
23101.306345872  0.2555048
23103.4880214948  0.2554289
23105.6696971177  0.2553541
23107.8513727406  0.2552807
23110.0330483634  0.2552084
23112.2147239863  0.2551374
23114.3963996091  0.2550676
23116.578075232  0.2549991
23118.7597508549  0.2549317
23120.9414264777  0.2548657
23123.1231021006  0.2548007
23125.3047777235  0.2547371
23127.4864533463  0.2546746
23129.6681289692  0.2546134
23131.8498045921  0.2545534
23134.0314802149  0.2544945
23136.2131558378  0.2544369
23138.3948314606  0.2543805
23140.5765070835  0.2543253
23142.7581827064  0.2542713
23144.9398583292  0.2542185
23147.1215339521  0.2541669
23149.303209575  0.2541165
23151.4848851978  0.2540674
23153.6665608207  0.2540193
23155.8482364435  0.2539725
23158.0299120664  0.2539269
23160.2115876893  0.2538825
23162.3932633121  0.2538392
23164.574938935  0.2537972
23166.7566145579  0.2537563
23168.9382901807  0.2537166
23171.1199658036  0.2536781
23173.3016414264  0.2536407
23175.4833170493  0.2536046
23177.6649926722  0.2535696
23179.846668295  0.2535357
23182.0283439179  0.2535031
23184.2100195408  0.2534716
23186.3916951636  0.2534413
23188.5733707865  0.2534121
23190.7550464093  0.2533842
23192.9367220322  0.2533573
23195.1183976551  0.2533317
23197.3000732779  0.2533072
23199.4817489008  0.2532838
23201.6634245237  0.2532616
23203.8451001465  0.2532406
23206.0267757694  0.2532207
23208.2084513923  0.2532019
23210.3901270151  0.2531843
23212.571802638  0.2531678
23214.7534782608  0.2531525
23216.9351538837  0.2531383
23219.1168295066  0.2531253
23221.2985051294  0.2531134
23223.4801807523  0.2531026
23225.6618563751  0.253093
23227.843531998  0.2530845
23230.0252076209  0.2530771
23232.2068832437  0.2530709
23234.3885588666  0.2530658
23236.5702344895  0.2530617
23238.7519101123  0.2530589
23240.9335857352  0.2530572
23243.1152613581  0.2530565
23245.2969369809  0.253057
23247.4786126038  0.2530586
23249.6602882266  0.2530613
23251.8419638495  0.2530651
23254.0236394724  0.25307
23256.2053150952  0.2530759
23258.3869907181  0.2530829
23260.568666341  0.2530909
23262.7503419638  0.2530999
23264.9320175867  0.2531099
23267.1136932095  0.2531208
23269.2953688324  0.2531328
23271.4770444553  0.2531456
23273.6587200781  0.2531594
23275.840395701  0.2531741
23278.0220713239  0.2531897
23280.2037469467  0.2532061
23282.3854225696  0.2532234
23284.5670981924  0.2532416
23286.7487738153  0.2532605
23288.9304494382  0.2532802
23291.112125061  0.2533008
23293.2938006839  0.253322
23295.4754763068  0.2533441
23297.6571519296  0.2533669
23299.8388275525  0.2533903
23302.0205031753  0.2534145
23304.2021787982  0.2534394
23306.3838544211  0.2534649
23308.5655300439  0.2534911
23310.7472056668  0.253518
23312.9288812897  0.2535453
23315.1105569125  0.2535734
23317.2922325354  0.2536019
23319.4739081582  0.2536311
23321.6555837811  0.2536607
23323.837259404  0.2536909
23326.0189350268  0.2537217
23328.2006106497  0.2537528
23330.3822862726  0.2537845
23332.5639618954  0.2538166
23334.7456375183  0.2538492
23336.9273131411  0.2538822
23339.108988764  0.2539156
23341.2906643869  0.2539493
23343.4723400097  0.2539835
23345.6540156326  0.254018
23347.8356912555  0.2540528
23350.0173668783  0.254088
23352.1990425012  0.2541235
23354.380718124  0.2541592
23356.5623937469  0.2541952
23358.7440693698  0.2542314
23360.9257449926  0.2542679
23363.1074206155  0.2543046
23365.2890962384  0.2543415
23367.4707718612  0.2543785
23369.6524474841  0.2544158
23371.8341231069  0.2544532
23374.0157987298  0.2544907
23376.1974743527  0.2545283
23378.3791499755  0.254566
23380.5608255984  0.2546038
23382.7425012213  0.2546417
23384.9241768441  0.2546795
23387.105852467  0.2547174
23389.2875280898  0.2547553
23391.4692037127  0.2547933
23393.6508793356  0.2548312
23395.8325549584  0.254869
23398.0142305813  0.2549068
23400.1959062042  0.2549445
23402.377581827  0.2549821
23404.5592574499  0.2550196
23406.7409330728  0.2550569
23408.9226086956  0.2550941
23411.1042843185  0.2551312
23413.2859599413  0.255168
23415.4676355642  0.2552047
23417.6493111871  0.2552411
23419.8309868099  0.2552774
23422.0126624328  0.2553133
23424.1943380557  0.255349
23426.3760136785  0.2553844
23428.5576893014  0.2554196
23430.7393649242  0.2554543
23432.9210405471  0.2554888
23435.10271617  0.2555228
23437.2843917928  0.2555566
23439.4660674157  0.25559
23441.6477430386  0.2556229
23443.8294186614  0.2556554
23446.0110942843  0.2556874
23448.1927699071  0.255719
23450.37444553  0.2557501
23452.5561211529  0.2557808
23454.7377967757  0.2558109
23456.9194723986  0.2558405
23459.1011480215  0.2558695
23461.2828236443  0.255898
23463.4644992672  0.255926
23465.6461748901  0.2559533
23467.8278505129  0.25598
23470.0095261358  0.256006
23472.1912017586  0.2560315
23474.3728773815  0.2560562
23476.5545530044  0.2560803
23478.7362286272  0.2561037
23480.9179042501  0.2561264
23483.0995798729  0.2561483
23485.2812554958  0.2561694
23487.4629311187  0.2561899
23489.6446067415  0.2562095
23491.8262823644  0.2562283
23494.0079579873  0.2562463
23496.1896336101  0.2562635
23498.371309233  0.2562798
23500.5529848558  0.2562952
23502.7346604787  0.2563098
23504.9163361016  0.2563235
23507.0980117244  0.2563362
23509.2796873473  0.2563479
23511.4613629702  0.2563587
23513.643038593  0.2563686
23515.8247142159  0.2563775
23518.0063898388  0.2563853
23520.1880654616  0.2563921
23522.3697410845  0.2563979
23524.5514167073  0.2564026
23526.7330923302  0.2564062
23528.9147679531  0.2564088
23531.0964435759  0.2564102
23533.2781191988  0.2564105
23535.4597948217  0.2564096
23537.6414704445  0.2564076
23539.8231460674  0.2564044
23542.0048216902  0.2564
23544.1864973131  0.2563944
23546.368172936  0.2563876
23548.5498485588  0.2563794
23550.7315241817  0.2563701
23552.9131998046  0.2563594
23555.0948754274  0.2563475
23557.2765510503  0.2563342
23559.4582266731  0.2563196
23561.639902296  0.2563036
23563.8215779189  0.2562863
23566.0032535417  0.2562676
23568.1849291646  0.2562475
23570.3666047875  0.2562259
23572.5482804103  0.2562029
23574.7299560332  0.2561784
23576.911631656  0.2561525
23579.0933072789  0.2561251
23581.2749829018  0.2560962
23583.4566585246  0.2560657
23585.6383341475  0.2560337
23587.8200097704  0.2560001
23590.0016853932  0.255965
23592.1833610161  0.2559283
23594.3650366389  0.25589
23596.5467122618  0.25585
23598.7283878847  0.2558083
23600.9100635075  0.2557651
23603.0917391304  0.25572
23605.2734147533  0.2556734
23607.4550903761  0.255625
23609.636765999  0.2555749
23611.8184416218  0.255523
23614.0001172447  0.2554694
23616.1817928676  0.2554139
23618.3634684904  0.2553567
23620.5451441133  0.2552977
23622.7268197362  0.2552368
23624.908495359  0.2551741
23627.0901709819  0.2551095
23629.2718466048  0.255043
23631.4535222276  0.2549747
23633.6351978505  0.2549044
23635.8168734733  0.2548322
23637.9985490962  0.2547581
23640.1802247191  0.2546821
23642.3619003419  0.2546041
23644.5435759648  0.2545241
23646.7252515877  0.2544422
23648.9069272105  0.2543583
23651.0886028334  0.2542723
23653.2702784562  0.2541843
23655.4519540791  0.2540943
23657.633629702  0.2540022
23659.8153053248  0.2539081
23661.9969809477  0.2538119
23664.1786565706  0.2537136
23666.3603321934  0.2536132
23668.5420078163  0.2535106
23670.7236834391  0.2534059
23672.905359062  0.2532991
23675.0870346849  0.2531901
23677.2687103077  0.253079
23679.4503859306  0.2529657
23681.6320615535  0.2528502
23683.8137371763  0.2527325
23685.9954127992  0.2526125
23688.177088422  0.2524903
23690.3587640449  0.2523659
23692.5404396678  0.2522391
23694.7221152906  0.2521102
23696.9037909135  0.2519789
23699.0854665364  0.2518453
23701.2671421592  0.2517094
23703.4488177821  0.2515711
23705.6304934049  0.2514305
23707.8121690278  0.2512876
23709.9938446507  0.2511423
23712.1755202735  0.2509946
23714.3571958964  0.2508444
23716.5388715193  0.2506919
23718.7205471421  0.2505369
23720.902222765  0.2503795
23723.0838983878  0.2502197
23725.2655740107  0.2500574
23727.4472496336  0.2498925
23729.6289252564  0.2497252
23731.8106008793  0.2495555
23733.9922765022  0.2493831
23736.173952125  0.2492082
23738.3556277479  0.2490308
23740.5373033707  0.2488508
23742.7189789936  0.2486683
23744.9006546165  0.2484831
23747.0823302393  0.2482954
23749.2640058622  0.248105
23751.4456814851  0.247912
23753.6273571079  0.2477164
23755.8090327308  0.2475181
23757.9907083537  0.2473171
23760.1723839765  0.2471134
23762.3540595994  0.2469071
23764.5357352222  0.246698
23766.7174108451  0.2464862
23768.899086468  0.2462717
23771.0807620908  0.2460544
23773.2624377137  0.2458344
23775.4441133366  0.2456115
23777.6257889594  0.2453859
23779.8074645823  0.2451575
23781.9891402051  0.2449262
23784.170815828  0.2446922
23786.3524914509  0.2444552
23788.5341670737  0.2442154
23790.7158426966  0.2439726
23792.8975183195  0.243727
23795.0791939423  0.2434786
23797.2608695652  0.2432272
23799.442545188  0.2429729
23801.6242208109  0.2427157
23803.8058964338  0.2424555
23805.9875720566  0.2421924
23808.1692476795  0.2419262
23810.3509233024  0.2416572
23812.5325989252  0.241385
23814.7142745481  0.2411098
23816.8959501709  0.2408317
23819.0776257938  0.2405504
23821.2593014167  0.2402661
23823.4409770395  0.2399787
23825.6226526624  0.2396882
23827.8043282853  0.2393946
23829.9860039081  0.239098
23832.167679531  0.2387982
23834.3493551538  0.2384952
23836.5310307767  0.2381891
23838.7127063996  0.2378798
23840.8943820224  0.2375674
23843.0760576453  0.2372517
23845.2577332682  0.2369328
23847.439408891  0.2366107
23849.6210845139  0.2362853
23851.8027601367  0.2359568
23853.9844357596  0.2356249
23856.1661113825  0.2352898
23858.3477870053  0.2349514
23860.5294626282  0.2346096
23862.7111382511  0.2342646
23864.8928138739  0.2339162
23867.0744894968  0.2335645
23869.2561651197  0.2332094
23871.4378407425  0.2328509
23873.6195163654  0.2324891
23875.8011919882  0.2321239
23877.9828676111  0.2317552
23880.164543234  0.2313831
23882.3462188568  0.2310076
23884.5278944797  0.2306286
23886.7095701025  0.2302462
23888.8912457254  0.2298603
23891.0729213483  0.2294708
23893.2545969711  0.2290779
23895.436272594  0.2286815
23897.6179482169  0.2282815
23899.7996238397  0.227878
23901.9812994626  0.2274709
23904.1629750854  0.2270603
23906.3446507083  0.226646
23908.5263263312  0.2262281
23910.708001954  0.2258067
23912.8896775769  0.2253812
23915.0713531998  0.2249524
23917.2530288226  0.22452
23919.4347044455  0.224084
23921.6163800684  0.2236442
23923.7980556912  0.2232008
23925.9797313141  0.2227536
23928.1614069369  0.2223027
23930.3430825598  0.2218481
23932.5247581827  0.2213898
23934.7064338055  0.2209276
23936.8881094284  0.2204618
23939.0697850513  0.219992
23941.2514606741  0.2195185
23943.433136297  0.2190412
23945.6148119198  0.21856
23947.7964875427  0.2180751
23949.9781631656  0.2175862
23952.1598387884  0.2170934
23954.3415144113  0.2165969
23956.5231900342  0.2160964
23958.704865657  0.2155919
23960.8865412799  0.2150836
23963.0682169027  0.2145713
23965.2498925256  0.214055
23967.4315681485  0.2135348
23969.6132437713  0.2130107
23971.7949193942  0.2124825
23973.9765950171  0.2119503
23976.1582706399  0.2114141
23978.3399462628  0.2108739
23980.5216218856  0.2103296
23982.7032975085  0.2097813
23984.8849731314  0.2092288
23987.0666487542  0.2086723
23989.2483243771  0.2081117
23991.43  0.207547
